-2.121411003890435495e+03
-2.121411003890435495e+03
-2.121411004053674333e+03
-2.121411004093212796e+03
-2.121411004076388963e+03
-2.121394288953176329e+03
-2.121415979246211919e+03
-2.121474717466281163e+03
-2.121474717476731712e+03
-2.121460004814776312e+03
-2.121474137431293002e+03
-2.121453018717938448e+03
-2.121396601352703783e+03
-2.121356216576341922e+03
-2.121506112374592703e+03
-2.121883188803090889e+03
-2.121866661490707884e+03
-2.121880671583995081e+03
-2.121887210328974106e+03
-2.121883812083510293e+03
-2.121503305686091153e+03
-2.121535830008154790e+03
-2.121885800347523855e+03
-2.122141072832859663e+03
-2.122111775323764959e+03
-2.122149456094323341e+03
-2.122165309765839538e+03
-2.122230047018915229e+03
-2.122052286368764271e+03
-2.122052915894807484e+03
-2.122242312730961203e+03
-2.122244206598427809e+03
-2.122272522185560319e+03
-2.122332954354273170e+03
-2.122308752371076935e+03
-2.122141213343033087e+03
-2.122366911003934547e+03
-2.122383724737085231e+03
-2.122349926463743486e+03
-2.122069584019887316e+03
-2.122339016291951793e+03
-2.122220446447227005e+03
-2.122373564894377523e+03
-2.122186801994234884e+03
-2.122566752341026586e+03
-2.122528916947634116e+03
-2.122508050209453813e+03
-2.122238416290950681e+03
-2.122413424013551321e+03
-2.122375308578170007e+03
-2.122540675104280126e+03
-2.122383983431450361e+03
-2.122507140479759983e+03
-2.122366609652463467e+03
-2.122552023031103545e+03
-2.122356689286526034e+03
-2.122520461890074330e+03
-2.122482417588426415e+03
-2.122532973305985251e+03
-2.122414873858742794e+03
-2.122488972964950790e+03
-2.122334427475824214e+03
-2.122579039053474844e+03
-2.122463672614557709e+03
-2.122551787541363865e+03
-2.122553491713068070e+03
-2.122550289699117002e+03
-2.122460413365373824e+03
-2.122517856632435723e+03
-2.122289386957962961e+03
-2.122566137394952420e+03
-2.122465813176590927e+03
-2.122508672492183450e+03
-2.122590169043787682e+03
-2.122572521946271536e+03
-2.122573032864248489e+03
-2.122563381081797615e+03
-2.122290733997971074e+03
-2.122542425446527432e+03
-2.122360125163256271e+03
-2.122570240472961359e+03
-2.122473624556444065e+03
-2.122785867030270765e+03
-2.122517183920599564e+03
-2.122785867430293820e+03
-2.122492654953441615e+03
-2.122807696101695456e+03
-2.122667905556642381e+03
-2.122807696617110651e+03
-2.122737480088697339e+03
-2.122777825896078411e+03
-2.122706327962014711e+03
-2.122766123872575463e+03
-2.122643180752453645e+03
-2.122812421917497886e+03
-2.122752497373511687e+03
-2.122811416429386099e+03
-2.122652585554545112e+03
-2.122805978715417496e+03
-2.122402571176721722e+03
-2.122795746694410809e+03
-2.122603060494888268e+03
-2.122734572910464522e+03
-2.122740849780608642e+03
-2.122805090046607347e+03
-2.122654730379636021e+03
-2.122829011669354259e+03
-2.122682430766263224e+03
-2.122828697518645640e+03
-2.122625439497905063e+03
-2.122819417823226104e+03
-2.122655274215899681e+03
-2.122871268663649971e+03
-2.122865286938970712e+03
-2.122884495088949279e+03
-2.122660920126164001e+03
-2.122880077846228232e+03
-2.122731804780303264e+03
-2.123003776038869091e+03
-2.122803914909532523e+03
-2.123032343742809644e+03
-2.122901973070092481e+03
-2.123039640091933052e+03
-2.122869096225392241e+03
-2.123050174137117210e+03
-2.122941799873949094e+03
-2.123051204324615355e+03
-2.123063696068156332e+03
-2.123154716397698849e+03
-2.123017924284084984e+03
-2.123066193815916449e+03
-2.122820398447339812e+03
-2.123150680285880753e+03
-2.123108498460811461e+03
-2.123201100842249161e+03
-2.123086531517492404e+03
-2.123152827026248360e+03
-2.123104173426037960e+03
-2.123085423585830995e+03
-2.123196692707614602e+03
-2.123202201402822993e+03
-2.123117876822262133e+03
-2.123216620307232915e+03
-2.122964509923876903e+03
-2.123147536799867794e+03
-2.123264110341050127e+03
-2.123222792809817292e+03
-2.123116595636784950e+03
-2.123262993101736811e+03
-2.123216430481254974e+03
-2.123267992658756611e+03
-2.123287287685072897e+03
-2.123288589439137922e+03
-2.123286987538451285e+03
-2.123266847819710165e+03
-2.123140387928167456e+03
-2.123296953189008491e+03
-2.123329011724225438e+03
-2.123347456707761921e+03
-2.123283810018926033e+03
-2.123343408655759504e+03
-2.123149461335320666e+03
-2.123371369179875273e+03
-2.123179793848569716e+03
-2.123338144504190950e+03
-2.123093054147627299e+03
-2.123332801753875174e+03
-2.123169178197221754e+03
-2.123328346339208565e+03
-2.123264378133338596e+03
-2.123361897918704472e+03
-2.123331896601771405e+03
-2.123381493010336726e+03
-2.123182781163711752e+03
-2.123389184856259362e+03
-2.123271195839873144e+03
-2.123389185641069616e+03
-2.123251445699423584e+03
-2.123374223314102437e+03
-2.123353862029050106e+03
-2.123372079748926353e+03
-2.123273456405283923e+03
-2.123389186549396072e+03
-2.123336188541007687e+03
-2.123391751584855683e+03
-2.123072219055101414e+03
-2.123329552252598660e+03
-2.123206308869279383e+03
-2.123366367796641953e+03
-2.123031601039284851e+03
-2.123377999292333698e+03
-2.123196573568231543e+03
-2.123378107835786068e+03
-2.123181005264263149e+03
-2.123385361815705437e+03
-2.123208757328015054e+03
-2.123390740729655590e+03
-2.123267356156601636e+03
-2.123381625642129620e+03
-2.123417697639535618e+03
-2.123414829228725011e+03
-2.123314172227996096e+03
-2.123271035777927409e+03
-2.123362002753963679e+03
-2.123426054117716376e+03
-2.123414961334224699e+03
-2.123440249554445927e+03
-2.123309671215257822e+03
-2.123445255294683648e+03
-2.123231341262897786e+03
-2.123452736343106608e+03
-2.123166675100219891e+03
-2.123403898442751597e+03
-2.123332037863740425e+03
-2.123387572865459788e+03
-2.123387110147592466e+03
-2.123408373706713974e+03
-2.123190141831586516e+03
-2.123430525742286136e+03
-2.123136104620894002e+03
-2.123443400795864818e+03
-2.123258117015440348e+03
-2.123452164722607904e+03
-2.123314762089006308e+03
-2.123444117439766615e+03
-2.123259811774510581e+03
-2.123499268458483130e+03
-2.123441393520503880e+03
-2.123450756625328268e+03
-2.123462045754756673e+03
-2.123496457291697425e+03
-2.123398076832495008e+03
-2.123508201356166410e+03
-2.123103852601020208e+03
-2.123505795284382657e+03
-2.123489620493994607e+03
-2.123495110662911884e+03
-2.123503269941847975e+03
-2.123485315183153489e+03
-2.123355956449238420e+03
-2.123512625195509827e+03
-2.123373170688181290e+03
-2.123342620555727535e+03
-2.123460130664177086e+03
-2.123478196381242469e+03
-2.123279137674061076e+03
-2.123532139946029474e+03
-2.123137373546354411e+03
-2.123547500048393431e+03
-2.123405643396959931e+03
-2.123552063165988329e+03
-2.123520100031641505e+03
-2.123473051464588480e+03
-2.123498660171064785e+03
-2.123563539337591919e+03
-2.123527526696806035e+03
-2.123549552694176327e+03
-2.123531759438679273e+03
-2.123557050972645357e+03
-2.123525344014773964e+03
-2.123557095494886198e+03
-2.123076711423040251e+03
-2.123497530382776404e+03
-2.123466647173187994e+03
-2.123573628716887924e+03
-2.123441648382225594e+03
-2.123565799103937479e+03
-2.123536586713823908e+03
-2.123546295232637931e+03
-2.123388310408016878e+03
-2.123573629531922961e+03
-2.123402226939120737e+03
-2.123573631481222947e+03
-2.123564945268458359e+03
-2.123582468359866652e+03
-2.123574645335270361e+03
-2.123576784270173903e+03
-2.123574539088247093e+03
-2.123585581657180683e+03
-2.123480084158043155e+03
-2.123586352514033024e+03
-2.123435562344342543e+03
-2.123573918281904298e+03
-2.123329164317378854e+03
-2.123544895250683112e+03
-2.123253338033639011e+03
-2.123588529892263523e+03
-2.123486807911449432e+03
-2.123582276284614636e+03
-2.123542786305032223e+03
-2.123533120033981049e+03
-2.123469700280038978e+03
-2.123589475110566582e+03
-2.123464262414343011e+03
-2.123492163107811393e+03
-2.123333234371361414e+03
-2.123592620284791337e+03
-2.123409548391985936e+03
-2.123534541593302492e+03
-2.123506367919526383e+03
-2.123541183449140135e+03
-2.123579240553406180e+03
-2.123588971781698092e+03
-2.123304609156297374e+03
-2.123596326868403594e+03
-2.123347514274777495e+03
-2.123498523133923300e+03
-2.123401487625184018e+03
-2.123558099857098114e+03
-2.123500782873956723e+03
-2.123589413788688034e+03
-2.123563013992572451e+03
-2.123597014285385740e+03
-2.123384836696900038e+03
-2.123574016022692831e+03
-2.123341582544835546e+03
-2.123596561968562582e+03
-2.123349597971339790e+03
-2.123595678517903707e+03
-2.123454925667089356e+03
-2.123574050573449767e+03
-2.123420075252593051e+03
-2.123586144170357784e+03
-2.123535944832351106e+03
-2.123568044468238895e+03
-2.123483819316526478e+03
-2.123578193959074270e+03
-2.123470156486984251e+03
-2.123581750379619734e+03
-2.123326845087734455e+03
-2.123572343544737578e+03
-2.123516610603877325e+03
-2.123552220571177713e+03
-2.123204490097344205e+03
-2.123573417436182808e+03
-2.123514174822273162e+03
-2.123585072801727620e+03
-2.123442968222503623e+03
-2.123563203694573986e+03
-2.123495938999467398e+03
-2.123595012627845790e+03
-2.123449573169276391e+03
-2.123531411789877438e+03
-2.123591285299074571e+03
-2.123593524493485802e+03
-2.123580686890633842e+03
-2.123568943735451285e+03
-2.123593435883944494e+03
-2.123582081064147587e+03
-2.123586602967430281e+03
-2.123599885035348962e+03
-2.123596932515967637e+03
-2.123583458720756880e+03
-2.123601727211974321e+03
-2.123592205976978676e+03
-2.123604122558936524e+03
-2.123603564940977776e+03
-2.123596480585665631e+03
-2.123593491030902896e+03
-2.123601335896797991e+03
-2.123601616235225720e+03
-2.123603504017786236e+03
-2.123573016277338866e+03
-2.123598768779769216e+03
-2.123531315344534050e+03
-2.123604123434067787e+03
-2.123573323241848811e+03
-2.123575454714954503e+03
-2.123604144608545994e+03
-2.123600993099880725e+03
-2.123585308457641986e+03
-2.123602637543786841e+03
-2.123571669955439120e+03
-2.123602883130002283e+03
-2.123595814779225748e+03
-2.123605491272666313e+03
-2.123531619518568277e+03
-2.123574941814272734e+03
-2.123571789620075378e+03
-2.123617136447511257e+03
-2.123582661025066500e+03
-2.123611368802218749e+03
-2.123581768197407200e+03
-2.123608476060601788e+03
-2.123565881353437817e+03
-2.123613848469573441e+03
-2.123601743550313131e+03
-2.123593915752256180e+03
-2.123586764990747270e+03
-2.123588659528690641e+03
-2.123582037156634669e+03
-2.123621194458376976e+03
-2.123536874504100069e+03
-2.123614953991580933e+03
-2.123578237563934636e+03
-2.123623090177709855e+03
-2.123613058990417358e+03
-2.123616052357121134e+03
-2.123595728178340778e+03
-2.123628657146332444e+03
-2.123603359620594802e+03
-2.123628693030630984e+03
-2.123602752758248243e+03
-2.123615324456286999e+03
-2.123585987690930324e+03
-2.123621148901067045e+03
-2.123598966025442678e+03
-2.123627816588851601e+03
-2.123588408823651207e+03
-2.123604504413119685e+03
-2.123605119181560440e+03
-2.123629031788293105e+03
-2.123597344943832013e+03
-2.123632398905467198e+03
-2.123550591612340213e+03
-2.123628831288599031e+03
-2.123624955091939228e+03
-2.123620188909336775e+03
-2.123612704943060180e+03
-2.123626676411045082e+03
-2.123631086445137953e+03
-2.123629694251100773e+03
-2.123597967429281198e+03
-2.123613557725130249e+03
-2.123620057977183933e+03
-2.123629367876443666e+03
-2.123613421440757975e+03
-2.123631042480767519e+03
-2.123638848959258667e+03
-2.123638923480657468e+03
-2.123636673187985252e+03
-2.123640457851280189e+03
-2.123626295000105529e+03
-2.123638174663383325e+03
-2.123595046514058595e+03
-2.123622638886807181e+03
-2.123620401880173176e+03
-2.123642128582686837e+03
-2.123614336355317846e+03
-2.123635654610516212e+03
-2.123616208114403889e+03
-2.123642503594988739e+03
-2.123634990306508371e+03
-2.123636880697891229e+03
-2.123588638642755086e+03
-2.123641601332194568e+03
-2.123637190407498565e+03
-2.123642504006015315e+03
-2.123602005715266387e+03
-2.123620069880120809e+03
-2.123631495716168956e+03
-2.123643489491806122e+03
-2.123592949879512162e+03
-2.123634178009206607e+03
-2.123598671885126350e+03
-2.123631358588844705e+03
-2.123601809389694608e+03
-2.123618142942917075e+03
-2.123656656018228205e+03
-2.123664336660660865e+03
-2.123614916966215333e+03
-2.123660813425838569e+03
-2.123612706132984840e+03
-2.123664202292547088e+03
-2.123576277336783278e+03
-2.123662565797455954e+03
-2.123654325960989809e+03
-2.123665489199303465e+03
-2.123621560736130505e+03
-2.123662731990894372e+03
-2.123566405276906607e+03
-2.123638784067132292e+03
-2.123553478389885640e+03
-2.123658988447768024e+03
-2.123653997008239912e+03
-2.123663541837264802e+03
-2.123649283955078772e+03
-2.123654594201839245e+03
-2.123636699607954142e+03
-2.123653688526486349e+03
-2.123650984298079948e+03
-2.123665705905475988e+03
-2.123616235666727789e+03
-2.123654014145982728e+03
-2.123637971576798464e+03
-2.123662051579463423e+03
-2.123610679179824729e+03
-2.123659536580757049e+03
-2.123620458434360444e+03
-2.123669786912108975e+03
-2.123617462385846920e+03
-2.123669930677079265e+03
-2.123644585847112012e+03
-2.123663909744556804e+03
-2.123653210252074587e+03
-2.123647501054364511e+03
-2.123652877678444383e+03
-2.123667043837863275e+03
-2.123652872995947746e+03
-2.123664112429187298e+03
-2.123638609778616228e+03
-2.123671617245584002e+03
-2.123658257594708175e+03
-2.123673368482327987e+03
-2.123659664430737848e+03
-2.123671753764565437e+03
-2.123623386664926329e+03
-2.123669875178492475e+03
-2.123660449048927603e+03
-2.123663394842126309e+03
-2.123647823551229067e+03
-2.123668719142491682e+03
-2.123646229021363524e+03
-2.123662827501249012e+03
-2.123679111978131004e+03
-2.123680401868786248e+03
-2.123624419197546558e+03
-2.123676274622466281e+03
-2.123612421234619433e+03
-2.123679397846810389e+03
-2.123646053963811028e+03
-2.123680353350076530e+03
-2.123680570967885160e+03
-2.123673982429143507e+03
-2.123676864499940166e+03
-2.123659607943926403e+03
-2.123645428641328181e+03
-2.123683148462466761e+03
-2.123627974104505029e+03
-2.123682245658113516e+03
-2.123633752753442877e+03
-2.123689486472347198e+03
-2.123570199985996169e+03
-2.123689949994190101e+03
-2.123661730985279064e+03
-2.123686599111618307e+03
-2.123682816636942789e+03
-2.123689949983167935e+03
-2.123590710371058321e+03
-2.123691960973393179e+03
-2.123613404723195799e+03
-2.123697622541205419e+03
-2.123643768118599837e+03
-2.123695464084646119e+03
-2.123618420849586528e+03
-2.123670910658728189e+03
-2.123668370158063226e+03
-2.123697422006443503e+03
-2.123662080449987570e+03
-2.123699018347638230e+03
-2.123630989549479182e+03
-2.123672953671903542e+03
-2.123686388187277316e+03
-2.123693560179016004e+03
-2.123667635185636300e+03
-2.123692774037263462e+03
-2.123652365327219286e+03
-2.123694123795421092e+03
-2.123663189965939182e+03
-2.123696309503925931e+03
-2.123643862345135858e+03
-2.123699172635848299e+03
-2.123679390652407619e+03
-2.123683854291676198e+03
-2.123691084051768939e+03
-2.123687005358631723e+03
-2.123684725132964104e+03
-2.123700028735121123e+03
-2.123685847058571653e+03
-2.123679981647786917e+03
-2.123648099074881429e+03
-2.123691962404159767e+03
-2.123639507913088437e+03
-2.123702426900578303e+03
-2.123696705714130530e+03
-2.123708673560790885e+03
-2.123672474713841893e+03
-2.123689776186265590e+03
-2.123624009114230830e+03
-2.123714057844281797e+03
-2.123708743386743663e+03
-2.123710749462745298e+03
-2.123690915301298446e+03
-2.123709903920359466e+03
-2.123683367858162910e+03
-2.123709297903511924e+03
-2.123695318494239018e+03
-2.123716432714058101e+03
-2.123706297272596657e+03
-2.123718650990485457e+03
-2.123657209510120538e+03
-2.123714738139460678e+03
-2.123708695325131885e+03
-2.123711001078788740e+03
-2.123682440621309524e+03
-2.123704636404230314e+03
-2.123672562932641085e+03
-2.123717670243513567e+03
-2.123665523718926579e+03
-2.123716526489910848e+03
-2.123688885103056236e+03
-2.123712090964101208e+03
-2.123678639182509869e+03
-2.123719851872313029e+03
-2.123643355545560553e+03
-2.123721372518416501e+03
-2.123649281926447202e+03
-2.123719184875971678e+03
-2.123636974490870671e+03
-2.123719021749734111e+03
-2.123715396847290322e+03
-2.123718309159681212e+03
-2.123689475035404030e+03
-2.123718350531076339e+03
-2.123684879735563300e+03
-2.123714444585453293e+03
-2.123641284794830426e+03
-2.123717615912910787e+03
-2.123654367468162036e+03
-2.123721545977946334e+03
-2.123676429321947126e+03
-2.123702287451463690e+03
-2.123695528307215227e+03
-2.123704246161899846e+03
-2.123654791454478527e+03
-2.123724348299690973e+03
-2.123692468355551682e+03
-2.123710650977155183e+03
-2.123684869334007544e+03
-2.123722709622174079e+03
-2.123720247366987678e+03
-2.123724031536306939e+03
-2.123650000116616866e+03
-2.123704517546841089e+03
-2.123724330261949035e+03
-2.123724162562078618e+03
-2.123723023308803931e+03
-2.123724631046562990e+03
-2.123723211569720206e+03
-2.123719596330003696e+03
-2.123725024539102378e+03
-2.123712409995732742e+03
-2.123725254746557312e+03
-2.123718712636667533e+03
-2.123724178382391074e+03
-2.123713362087979476e+03
-2.123719814482065431e+03
-2.123698616872340608e+03
-2.123725047595853994e+03
-2.123717055032671396e+03
-2.123724344799992650e+03
-2.123718753981916507e+03
-2.123725367754796025e+03
-2.123715925776045879e+03
-2.123725457575153996e+03
-2.123722873297006117e+03
-2.123721380486391809e+03
-2.123719450642768606e+03
-2.123721424764553831e+03
-2.123722503162008252e+03
-2.123721868953984085e+03
-2.123715116259840215e+03
-2.123723705433766554e+03
-2.123715360691858677e+03
-2.123724355587405626e+03
-2.123721257267846340e+03
-2.123724306129614888e+03
-2.123717385957657370e+03
-2.123723183423227056e+03
-2.123716133870636440e+03
-2.123717882314680537e+03
-2.123716418604096361e+03
-2.123721079683570224e+03
-2.123717939783746260e+03
-2.123724245460964539e+03
-2.123706864765487353e+03
-2.123725364535930566e+03
-2.123716545352546746e+03
-2.123724071287333118e+03
-2.123710401439848738e+03
-2.123726730901232713e+03
-2.123717288215308145e+03
-2.123723849599791720e+03
-2.123697482338943701e+03
-2.123729193377600950e+03
-2.123718181655416629e+03
-2.123727631634801583e+03
-2.123720726664898393e+03
-2.123728751414896124e+03
-2.123726698099818805e+03
-2.123727019092932096e+03
-2.123713832079728036e+03
-2.123728637815541333e+03
-2.123720934577445405e+03
-2.123727770402830629e+03
-2.123722748085687726e+03
-2.123730289923584223e+03
-2.123718608311221942e+03
-2.123728904276616049e+03
-2.123721437182563022e+03
-2.123729114877864959e+03
-2.123730172659890741e+03
-2.123729499183537428e+03
-2.123714466462524342e+03
-2.123729024308123371e+03
-2.123720950318531777e+03
-2.123729601672228455e+03
-2.123727200871860077e+03
-2.123728813492578865e+03
-2.123728942759177244e+03
-2.123729575735081653e+03
-2.123725541586896270e+03
-2.123728024101250867e+03
-2.123725832196369538e+03
-2.123727992800458651e+03
-2.123729961351515612e+03
-2.123731216632536416e+03
-2.123717827948923059e+03
-2.123727022321339064e+03
-2.123727749853071600e+03
-2.123729542366757869e+03
-2.123730057221642710e+03
-2.123731485252831135e+03
-2.123731355291583441e+03
-2.123727230288757255e+03
-2.123731773974342559e+03
-2.123726142100499146e+03
-2.123731406709310704e+03
-2.123728518815488314e+03
-2.123731044458738324e+03
-2.123728563676363592e+03
-2.123734130672910396e+03
-2.123734665491366741e+03
-2.123733510432710318e+03
-2.123732641784007683e+03
-2.123734064539281007e+03
-2.123730878481583204e+03
-2.123733213911191342e+03
-2.123731176893418251e+03
-2.123734817245364411e+03
-2.123734296781524790e+03
-2.123733898606907587e+03
-2.123731931384193103e+03
-2.123735505438013206e+03
-2.123735102592030216e+03
-2.123734922621939404e+03
-2.123734949561773192e+03
-2.123734352777714321e+03
-2.123732321181173120e+03
-2.123735344916046870e+03
-2.123734131077280836e+03
