-2.123742162509359787e+03
-2.123846872051323317e+03
-2.123942716590946020e+03
-2.124020941646669598e+03
-2.124091148027539930e+03
-2.124152995786340853e+03
-2.124204037410957426e+03
-2.124233606970072742e+03
-2.124296717207550500e+03
-2.124311817979122225e+03
-2.124346673548100625e+03
-2.124372261809943211e+03
-2.124396032497943906e+03
-2.124418825125317198e+03
-2.124444846082623371e+03
-2.124469962222447066e+03
-2.124479177564703605e+03
-2.124488397076582714e+03
-2.124480559881552836e+03
-2.124504898815831439e+03
-2.124509470978941863e+03
-2.124537404527290619e+03
-2.124544512562631553e+03
-2.124548314610980015e+03
-2.124598695632690124e+03
-2.124607734070635615e+03
-2.124642486469506366e+03
-2.124640628943525371e+03
-2.124612156871056413e+03
-2.124603092162094981e+03
-2.124605168084874549e+03
-2.124636942983247991e+03
-2.124629228944166243e+03
-2.124686247231802099e+03
-2.124699922008718659e+03
-2.124714510911341222e+03
-2.124717504135892341e+03
-2.124748743968803865e+03
-2.124751280929772292e+03
-2.124735363020363820e+03
-2.124720154220807672e+03
-2.124717884908478027e+03
-2.124732484023837515e+03
-2.124774474358197949e+03
-2.124780947610532166e+03
-2.124777974776898191e+03
-2.124748090015173602e+03
-2.124763179802479044e+03
-2.124750514846835358e+03
-2.124681970034822825e+03
-2.124712818282052012e+03
-2.124710061778069758e+03
-2.124690073593960733e+03
-2.124714172527102164e+03
-2.124732170009944639e+03
-2.124724652395858357e+03
-2.124729321933495612e+03
-2.124756603980621094e+03
-2.124719869433288750e+03
-2.124695307987484284e+03
-2.124718553329515544e+03
-2.124735799852412129e+03
-2.124751898850824091e+03
-2.124702444953257782e+03
-2.124708880026831139e+03
-2.124678165222985172e+03
-2.124712677906174576e+03
-2.124706219477836839e+03
-2.124706487559542893e+03
-2.124694241382322161e+03
-2.124693611446927662e+03
-2.124682757932870572e+03
-2.124682931057469432e+03
-2.124668658588815106e+03
-2.124667431978425157e+03
-2.124654270788164922e+03
-2.124677245875718199e+03
-2.124678377197981717e+03
-2.124689829258801637e+03
-2.124703307973864867e+03
-2.124708155947727391e+03
-2.124738519787327277e+03
-2.124722655909876721e+03
-2.124723817987321581e+03
-2.124733800298354254e+03
-2.124734556889668056e+03
-2.124766184676884677e+03
-2.124734569570904569e+03
-2.124731697992566751e+03
-2.124719233097458982e+03
-2.124735391250650991e+03
-2.124768729537883246e+03
-2.124771341945913719e+03
-2.124776774396393193e+03
-2.124780107370813312e+03
-2.124776996155712823e+03
-2.124798892204742060e+03
-2.124784353161956915e+03
-2.124801286197785885e+03
-2.124751760475630817e+03
-2.124740058448666787e+03
-2.124766398050682255e+03
-2.124752144743637018e+03
-2.124778881001072023e+03
-2.124779798043203755e+03
-2.124778962638771191e+03
-2.124782443134886762e+03
-2.124807393781686642e+03
-2.124796816680679967e+03
-2.124740490430099726e+03
-2.124753714188182585e+03
-2.124783542150327321e+03
-2.124795781898488258e+03
-2.124807926343172312e+03
-2.124799062845379922e+03
-2.124984250491736020e+03
-2.124798641035017226e+03
-2.124796396243764320e+03
-2.124797364726772230e+03
-2.124787621295353347e+03
-2.124770479073522893e+03
-2.124781097546460842e+03
-2.124733357981806876e+03
-2.124740522500112093e+03
-2.124745304951149592e+03
-2.124790731994775342e+03
-2.124804202582062771e+03
-2.124821422854837692e+03
-2.124765927724205085e+03
-2.124720750117384796e+03
-2.124752839784469870e+03
-2.124757516469348957e+03
-2.124759196499971495e+03
-2.124789710643198305e+03
-2.124774794249041861e+03
-2.124797637327547363e+03
-2.124791215405253297e+03
-2.124757233027401071e+03
-2.124725318896205408e+03
-2.124734494901239486e+03
-2.124720953640292464e+03
-2.124701702263884272e+03
-2.124677514383454763e+03
-2.124675154669894710e+03
-2.124676318520467248e+03
-2.124681730750859060e+03
-2.124701473692046420e+03
-2.124692301467284324e+03
-2.124675103220298752e+03
-2.124661687086816528e+03
-2.124638768007463113e+03
-2.124648954557630987e+03
-2.124650992341015808e+03
-2.124650958670375076e+03
-2.124630514942803984e+03
-2.124685440420972100e+03
-2.124741563487108124e+03
-2.124683010907031530e+03
-2.124719638970962023e+03
-2.124730566206310414e+03
-2.124725893405997340e+03
-2.124771355961344852e+03
-2.124725761450879872e+03
-2.124736613330226191e+03
-2.124700323885119815e+03
-2.124706954394245258e+03
-2.124727919135147658e+03
-2.124734432308941450e+03
-2.124730063054112634e+03
-2.124736912588335599e+03
-2.124744519374180072e+03
-2.124769895407051536e+03
-2.124776945735569370e+03
-2.124780000648905116e+03
-2.124788146704728661e+03
-2.124779966223503834e+03
-2.124776862565755891e+03
-2.124742228988964143e+03
-2.124733171155060063e+03
-2.124748140762268577e+03
-2.124763771835157058e+03
-2.124762640434832974e+03
-2.124778908325587508e+03
-2.124767227915157036e+03
-2.124781625006990907e+03
-2.124798346053521982e+03
-2.124810904132817996e+03
-2.124801881283095099e+03
-2.124823692385935828e+03
-2.124808881491564989e+03
-2.124840126915127257e+03
-2.124817064059563108e+03
-2.124821463010591287e+03
-2.124818494761680995e+03
-2.124789491537601862e+03
-2.124770458414691348e+03
-2.124754174686609076e+03
-2.124741545234211117e+03
-2.124725466583683556e+03
-2.124758794107740869e+03
-2.124762487571511883e+03
-2.124797144293752353e+03
-2.124778341822920083e+03
-2.124742582204474274e+03
-2.124727133194829548e+03
-2.124787300394584690e+03
-2.124775707145842262e+03
-2.124759899438424327e+03
-2.124737200268934885e+03
-2.124775597099637707e+03
-2.124766306710872414e+03
-2.124809851286365301e+03
-2.124841850073515161e+03
-2.124808548811784476e+03
-2.124817658292483429e+03
-2.124814655532033612e+03
-2.124765741231983611e+03
-2.124772658314507680e+03
-2.124757998354476058e+03
-2.124783986406716394e+03
-2.124781941262597229e+03
-2.124795535236891737e+03
-2.124776936558620037e+03
-2.124759747959992637e+03
-2.124743481858210998e+03
-2.124697353835902504e+03
-2.124706222233467997e+03
-2.124700811477240677e+03
-2.124684149540580165e+03
-2.124709604137996394e+03
-2.124716123674984374e+03
-2.124733509254853288e+03
-2.124712573254943436e+03
-2.124705712252330159e+03
-2.124689296896189262e+03
-2.124686965173275439e+03
-2.124702189585440465e+03
-2.124710999677346990e+03
-2.124699035527300566e+03
-2.124658741596877462e+03
-2.124679412646845776e+03
-2.124661221323139671e+03
-2.124647742664101315e+03
-2.124615105789963764e+03
-2.124661839881816377e+03
-2.124671197392329759e+03
-2.124684021084521646e+03
-2.124701137508256579e+03
-2.124714058768960058e+03
-2.124718374098178629e+03
-2.124724200478242437e+03
-2.124722785462406591e+03
-2.124729559716366566e+03
-2.124722923330576577e+03
-2.124746585006033911e+03
-2.124740730974181588e+03
-2.124746446252952865e+03
-2.124754762463603583e+03
-2.124801444052905481e+03
-2.124813835409047897e+03
-2.124803049501342230e+03
-2.124811158056830664e+03
-2.124811510058685599e+03
-2.124775304848708402e+03
-2.124741714179797327e+03
-2.124752877808641642e+03
-2.124762974456842130e+03
-2.124781918038370804e+03
-2.124775158611158076e+03
-2.124814094927771293e+03
-2.124839439154354295e+03
-2.124856672071638513e+03
-2.124853941308702815e+03
-2.124866305439757525e+03
-2.124884290260176385e+03
-2.124843046917170341e+03
-2.124825024990766451e+03
-2.124863648430768535e+03
-2.124824457594707837e+03
-2.124818567205335512e+03
-2.124795253331276399e+03
-2.124813388519181444e+03
-2.124807936526623507e+03
-2.124767548445858210e+03
-2.124763011207527143e+03
-2.124714519486781683e+03
-2.124779135952635897e+03
-2.124782403245635578e+03
-2.124790061738601707e+03
-2.124783280003491654e+03
-2.124781237252695973e+03
-2.124783857706666367e+03
-2.124805872603594253e+03
-2.124810157119442465e+03
-2.124802506214996811e+03
-2.124789935100362527e+03
-2.124797455541567615e+03
-2.124829195821022495e+03
-2.124820872577696719e+03
-2.124796276736701202e+03
-2.124800608624210781e+03
-2.124783585379623673e+03
-2.124785117462422477e+03
-2.124816010401599215e+03
-2.124802373757541773e+03
-2.124798519300203225e+03
-2.124767740502662946e+03
-2.124749690598066536e+03
-2.124728157498025666e+03
-2.124710774706865323e+03
-2.124717074953731299e+03
-2.124734436968954469e+03
-2.124746483905854802e+03
-2.124767858930296825e+03
-2.124757454920441887e+03
-2.124718029781319728e+03
-2.124688299448021553e+03
-2.124694322473568263e+03
-2.124705401533056829e+03
-2.124721961862805529e+03
-2.124753951140924983e+03
-2.124751119207257489e+03
-2.124747981022006570e+03
-2.124721508604575774e+03
-2.124733602403765417e+03
-2.124725331025113519e+03
-2.124730823378622517e+03
-2.124713531612699171e+03
-2.124713069836422164e+03
-2.124727398318647829e+03
-2.124695706951910779e+03
-2.124692601333932089e+03
-2.124688581134254491e+03
-2.124706912214722252e+03
-2.124707657242511232e+03
-2.124713763581726653e+03
-2.124703209234455244e+03
-2.124712429821573551e+03
-2.124754066704891102e+03
-2.124732910186124627e+03
-2.124733588222470644e+03
-2.124720557559719509e+03
-2.124735318977544011e+03
-2.124749308695863874e+03
-2.124755737695577409e+03
-2.124712477758932437e+03
-2.124780897640586318e+03
-2.124780845017818137e+03
-2.124761678969190598e+03
-2.124730131291945327e+03
-2.124718976146021305e+03
-2.124703214712467798e+03
-2.124690395912780332e+03
-2.124710025294912157e+03
-2.124768123564480447e+03
-2.124765822821321763e+03
-2.124744422705475699e+03
-2.124779818187932051e+03
-2.124792177684616945e+03
-2.124746227663410536e+03
-2.124765045469780034e+03
-2.124790959328435292e+03
-2.124759088599815186e+03
-2.124708094533478743e+03
-2.124760202941173702e+03
-2.124863480383275146e+03
-2.124750078573510109e+03
-2.124733613780380438e+03
-2.124752640347066972e+03
-2.124755867922739526e+03
-2.124713495558361501e+03
-2.124723170385751928e+03
-2.124750746384527247e+03
-2.124782970039364045e+03
-2.124759986175311496e+03
-2.124757813437177447e+03
-2.124738964334182128e+03
-2.124725907908769386e+03
-2.124723539373403582e+03
-2.124742512994894696e+03
-2.124736364455479816e+03
-2.124764786820502650e+03
-2.124790952290519272e+03
-2.124724681859719112e+03
-2.124719382863804185e+03
-2.124725141996791081e+03
-2.124726344603458529e+03
-2.124710341733533369e+03
-2.124722151161269267e+03
-2.124702827578290908e+03
-2.124698922573981235e+03
-2.124710149055869351e+03
-2.124688097154684783e+03
-2.124707489596506548e+03
-2.124725925039030699e+03
-2.124752006227486163e+03
-2.124750102766151940e+03
-2.124775783389970002e+03
-2.124762269175695110e+03
-2.124768978259503001e+03
-2.124796025993922285e+03
-2.124828828103012711e+03
-2.124802128504375560e+03
-2.124851513207641801e+03
-2.124848550297823294e+03
-2.124932676539631302e+03
-2.124792637715709134e+03
-2.124782850858168331e+03
-2.124754390491299546e+03
-2.124783273244055181e+03
-2.124714778049025881e+03
-2.124732840278902586e+03
-2.124746406220621793e+03
-2.124684002164496633e+03
-2.124728998830224555e+03
-2.124713491269495989e+03
-2.124700367615238520e+03
-2.124694548776206830e+03
-2.124694142943581028e+03
-2.124699845350562100e+03
-2.124712591723042351e+03
-2.124695941366341231e+03
-2.124715942104432543e+03
-2.124730741687029877e+03
-2.124701915777136946e+03
-2.124709764945033385e+03
-2.124729067772491362e+03
-2.124717245651774647e+03
-2.124718888203486586e+03
-2.124717434401348328e+03
-2.124730212486110759e+03
-2.124731339578633197e+03
-2.124727155030053837e+03
-2.124733819113461323e+03
-2.124735101867966478e+03
-2.124714020928744048e+03
-2.124694377715924929e+03
-2.124660819914477543e+03
-2.124660166600810044e+03
-2.124686971497193099e+03
-2.124618082506582596e+03
-2.124746992173306808e+03
-2.124737453793603436e+03
-2.124733941538734143e+03
-2.124698785362911167e+03
-2.124681670938703064e+03
-2.124718576896961167e+03
-2.124769611887196334e+03
-2.124753334715647725e+03
-2.124762268557779407e+03
-2.124711733245176674e+03
-2.124715883519910221e+03
-2.124719901153876435e+03
-2.124679164530345133e+03
-2.124669826300544173e+03
-2.124670037515136755e+03
-2.124687497642717972e+03
-2.124652854290932737e+03
-2.124679152019822141e+03
-2.124671560997926917e+03
-2.124659257735441770e+03
-2.124742232679034259e+03
-2.124679820237608055e+03
-2.124671762622378083e+03
-2.124675534466759018e+03
-2.124689254785256253e+03
-2.124691163247305667e+03
-2.124690374072304621e+03
-2.124694876795449545e+03
-2.124715267715016125e+03
-2.124709180596390070e+03
-2.124713922973114677e+03
-2.124747737436297029e+03
-2.124752659149113242e+03
-2.124788444290940788e+03
-2.124742834752778435e+03
-2.124719727934088951e+03
-2.124715935204485959e+03
-2.124710993064434660e+03
-2.124710560236540459e+03
-2.124751597103294444e+03
-2.124768117160203474e+03
-2.124765694642542257e+03
-2.124803948635802044e+03
-2.124791245006282224e+03
-2.124788535986669558e+03
-2.124746280596139513e+03
-2.124748631102451327e+03
-2.124751120774423271e+03
-2.124744700721061236e+03
-2.124719894789004684e+03
-2.124716880434189534e+03
-2.124672187928774747e+03
-2.124697952392632942e+03
-2.124738489269339880e+03
-2.124746480503562907e+03
-2.124731233441051245e+03
-2.124698104494287236e+03
-2.124702545264778109e+03
-2.124711327743559650e+03
-2.124727234182380471e+03
-2.124732218025489146e+03
-2.124706281221318477e+03
-2.124719384754246221e+03
-2.124721209676828039e+03
-2.124701266056831173e+03
-2.124714330588661596e+03
-2.124708816081205441e+03
-2.124717534628973681e+03
-2.124704188423006599e+03
-2.124711344321496199e+03
-2.124727246832472701e+03
-2.124722780351581605e+03
-2.124721660142119617e+03
-2.124725584824401722e+03
-2.124754713153223747e+03
-2.124741024998685589e+03
-2.124724342288218395e+03
-2.124741160557262901e+03
-2.124728530296922145e+03
-2.124752617519400701e+03
-2.124768172853682699e+03
-2.124758878536535121e+03
-2.124768625993563091e+03
-2.124785090000410946e+03
-2.124784529623172148e+03
-2.124794417187250019e+03
-2.124821894187880844e+03
-2.124764687585709908e+03
-2.124774834863020715e+03
-2.124783072016061396e+03
-2.124780114841375962e+03
-2.124793272878372591e+03
-2.124799218296519484e+03
-2.124794068978385894e+03
-2.124795435409360834e+03
-2.124786983794689149e+03
-2.124765668392133648e+03
-2.124742590382695653e+03
-2.124729452853400744e+03
-2.124714490780104370e+03
-2.124725476325964792e+03
-2.124720262021882718e+03
-2.124746976421106410e+03
-2.124737844940709238e+03
-2.124763187101557378e+03
-2.124739690712759966e+03
-2.124787728994225290e+03
-2.124781272164938400e+03
-2.124745317208012239e+03
-2.124740365282851144e+03
-2.124715699707930526e+03
-2.124729374582948367e+03
-2.124687588096749550e+03
-2.124706402605491803e+03
-2.124752274633506659e+03
-2.124744949081169580e+03
-2.124728054798286848e+03
-2.124735563226485738e+03
-2.124754257643336132e+03
-2.124735256150182522e+03
-2.124707207766471129e+03
-2.124729688861280920e+03
-2.124725940109909061e+03
-2.124733004200689265e+03
-2.124768963378848184e+03
-2.124821825258514309e+03
-2.124817994952501067e+03
-2.124754249727628121e+03
-2.124713175058054276e+03
-2.124703957467638247e+03
-2.124705126122010370e+03
-2.124716885504596121e+03
-2.124722125909359875e+03
-2.124690337190756509e+03
-2.124697824170824788e+03
-2.124700773986256081e+03
-2.124688372065602380e+03
-2.124666624903659795e+03
-2.124671602583966887e+03
-2.124649243150671737e+03
-2.124648721045694856e+03
-2.124671799580411971e+03
-2.124676923912394159e+03
-2.124696007938819548e+03
-2.124684019891801199e+03
-2.124729896755655773e+03
-2.124768827292804417e+03
-2.124717049426369613e+03
-2.124764201613922978e+03
-2.124748796410890918e+03
-2.124742627060825271e+03
-2.124731247327196343e+03
-2.124746877477158705e+03
-2.124741113244228927e+03
-2.124741065482457543e+03
-2.124754887964995760e+03
-2.124755831233720073e+03
-2.124752050558760857e+03
-2.124742719239930466e+03
-2.124718102933235969e+03
-2.124711495365251722e+03
-2.124729390897981375e+03
-2.124719025683845302e+03
-2.124712456318067325e+03
-2.124714212279897765e+03
-2.124696757984159831e+03
-2.124684209104815181e+03
-2.124694522460643384e+03
-2.124692752984478375e+03
-2.124679099182739719e+03
-2.124682520188316630e+03
-2.124681407478199162e+03
-2.124682195421537017e+03
-2.124682334763007930e+03
-2.124673615491051351e+03
-2.124679488780901920e+03
-2.124675897596269806e+03
-2.124699192031058374e+03
-2.124676410748832950e+03
-2.124674775973678152e+03
-2.124641270718630039e+03
-2.124654841037177903e+03
-2.124654335998165152e+03
-2.124655959082987465e+03
-2.124666597021796406e+03
-2.124677207218282092e+03
-2.124715771491061332e+03
-2.124712256554593296e+03
-2.124705394388166042e+03
-2.124687971550999464e+03
-2.124658813214488873e+03
-2.124657478399481079e+03
-2.124656365079747047e+03
-2.124672090973819195e+03
-2.124642680143417238e+03
-2.124647436925626153e+03
-2.124644429134186794e+03
-2.124623858130660210e+03
-2.124642362498659622e+03
-2.124644483899161514e+03
-2.124652126358467740e+03
-2.124679683715060492e+03
-2.124690475490374411e+03
-2.124666020716745606e+03
-2.124684244099305488e+03
-2.124659943001171996e+03
-2.124607963676588952e+03
-2.124642586855351055e+03
-2.124637589839307566e+03
-2.124646894270940720e+03
-2.124663644877713978e+03
-2.124635285621237927e+03
-2.124657904167925153e+03
-2.124665947465477984e+03
-2.124654621392352510e+03
-2.124686318321934323e+03
-2.124702337155827536e+03
-2.124719592036936319e+03
-2.124691530205965591e+03
-2.124713073616534530e+03
-2.124728594625237747e+03
-2.124723300483636194e+03
-2.124712636560842384e+03
-2.124744047033594597e+03
-2.124743038365391385e+03
-2.124747473816873025e+03
-2.124733196915610279e+03
-2.124723942656160943e+03
-2.124718700165075461e+03
-2.124731167399508649e+03
-2.124715344124907460e+03
-2.124750823108653094e+03
-2.124732998061564103e+03
-2.124710977544192701e+03
-2.124696500273929814e+03
-2.124711002507430749e+03
-2.124704739122410501e+03
-2.124706255022504592e+03
-2.124712684377905589e+03
-2.124691527381986816e+03
-2.124671532714625300e+03
-2.124678859717807882e+03
-2.124698320616989804e+03
-2.124696867551178912e+03
-2.124716818444879209e+03
-2.124717159362388884e+03
-2.124710821928682890e+03
-2.124696538418583259e+03
-2.124713392493582433e+03
-2.124700138138786315e+03
-2.124708973857517321e+03
-2.124700495785607018e+03
-2.124686854768643570e+03
-2.124711172631500631e+03
-2.124715970478779582e+03
-2.124720791613678557e+03
-2.124740977575599572e+03
-2.124739567017472382e+03
-2.124754860319490490e+03
-2.124728260186126590e+03
-2.124746504191037275e+03
-2.124742444356159922e+03
-2.124753168005771840e+03
-2.124746323905187182e+03
-2.124738289744047051e+03
-2.124740694862340206e+03
-2.124764579706135464e+03
-2.124770970553282041e+03
-2.124742185378807335e+03
-2.124750055686328778e+03
-2.124706076628775918e+03
-2.124698678926601588e+03
-2.124653312260060829e+03
-2.124684288133405062e+03
-2.124694851486066455e+03
-2.124695989338242271e+03
-2.124708439027256645e+03
-2.124727786527959324e+03
-2.124722166869502871e+03
-2.124710503340100786e+03
-2.124725572848889442e+03
-2.124760136166571101e+03
-2.124759432144312541e+03
-2.124795073159803906e+03
-2.124815486120372952e+03
-2.124823921968761624e+03
-2.124767539504737215e+03
-2.124824391655674390e+03
-2.124835958679092528e+03
-2.124879618268019385e+03
-2.124826297686411181e+03
-2.124833610416678766e+03
-2.124839517786194847e+03
-2.124833684062214616e+03
-2.124804302950163219e+03
-2.124761784487382556e+03
-2.124750953620930886e+03
-2.124787399673197797e+03
-2.124770354999074243e+03
-2.124755443021742394e+03
-2.124774425423847333e+03
-2.124775479141927917e+03
-2.124785576717404638e+03
-2.124799634137887551e+03
-2.124818867517126819e+03
-2.124785584174076121e+03
-2.124737507362334782e+03
-2.124722604133624372e+03
-2.124747019709800497e+03
-2.124745086736666053e+03
-2.124733482040904164e+03
-2.124711977028003730e+03
-2.124715949478758830e+03
-2.124676632107953083e+03
-2.124667607667744051e+03
-2.124689378286369447e+03
-2.124669969589830998e+03
-2.124683072802435163e+03
-2.124723324645407956e+03
-2.124718598109086997e+03
-2.124703720989527028e+03
-2.124700661000463242e+03
-2.124684072973151615e+03
-2.124653643727479448e+03
-2.124639581955255835e+03
-2.124660442971100110e+03
-2.124670424445383560e+03
-2.124672986802693231e+03
-2.124656018926037177e+03
-2.124648518229082129e+03
-2.124664221846032433e+03
-2.124725511193583770e+03
-2.124710410157098977e+03
-2.124734325416861793e+03
-2.124787277645191807e+03
-2.124719686120919505e+03
-2.124708279459861842e+03
-2.124707564332712991e+03
-2.124717321179386545e+03
-2.124728678614474575e+03
-2.124750494132321364e+03
-2.124731767550400036e+03
-2.124746625472360392e+03
-2.124764189310714301e+03
-2.124773238149404733e+03
-2.124745510898480006e+03
-2.124746979865006779e+03
-2.124707507756185805e+03
-2.124714677710844626e+03
-2.124704493463881590e+03
-2.124733870905854019e+03
-2.124724858904536632e+03
-2.124721496935687810e+03
-2.124740390448580456e+03
-2.124770364332146528e+03
-2.124760068533776121e+03
-2.124755534288053241e+03
-2.124780105784036095e+03
-2.124767294461647907e+03
-2.124752894055661727e+03
-2.124754474460183701e+03
-2.124730935669434984e+03
-2.124737189573572778e+03
-2.124766201038939926e+03
-2.124770414714868366e+03
-2.124737537304757097e+03
-2.124709199233342588e+03
-2.124719188402569216e+03
-2.124691999935054355e+03
-2.124697614534841705e+03
-2.124735440130301413e+03
-2.124749407210257687e+03
-2.124748081424674183e+03
-2.124748549460273807e+03
-2.124766025951155825e+03
-2.124786489152916147e+03
-2.124755971815213798e+03
-2.124721046115389072e+03
-2.124721479218078002e+03
-2.124709391841228353e+03
-2.124714545868554524e+03
-2.124712247802566253e+03
-2.124651817858251889e+03
-2.124685882194085025e+03
-2.124679713334778626e+03
-2.124686549451527753e+03
-2.124700647302639481e+03
-2.124694208350824738e+03
-2.124727206563831714e+03
-2.124709565228371957e+03
-2.124696146717913507e+03
-2.124714907425069669e+03
-2.124692828985481356e+03
-2.124691468316700593e+03
-2.124703344550128350e+03
-2.124730239057415019e+03
-2.124749170293454881e+03
-2.124760956387649458e+03
-2.124747348369302017e+03
-2.124763274470173656e+03
-2.124786368776937707e+03
-2.124774855201898845e+03
-2.124749413357063531e+03
-2.124784163683836596e+03
-2.124785888321829589e+03
-2.124811082682694177e+03
-2.124813012813944169e+03
-2.124763951411473499e+03
-2.124759702077049042e+03
-2.124736921753759361e+03
-2.124712620854223587e+03
-2.124712950430190631e+03
-2.124703422751219023e+03
-2.124685355672029800e+03
-2.124691324214616543e+03
-2.124697094683575870e+03
-2.124682045930000186e+03
-2.124690364818048238e+03
-2.124668973502244171e+03
-2.124680004577762702e+03
-2.124690248967470779e+03
-2.124719286574052603e+03
-2.124745691128610815e+03
-2.124768723552085703e+03
-2.124790080866202061e+03
-2.124784661819797293e+03
-2.124740678162651420e+03
-2.124762979774861378e+03
-2.124785082829941075e+03
-2.124796271610154690e+03
-2.124830002461781532e+03
-2.124833313687438022e+03
-2.124787821111472567e+03
-2.124783510789968659e+03
-2.124759889754850974e+03
-2.124796943768787060e+03
-2.124753975747562436e+03
-2.124791874295558500e+03
-2.124817218271130059e+03
-2.124777863648129824e+03
-2.124741746454314125e+03
-2.124715739396663594e+03
-2.124702023108784942e+03
-2.124725123460100349e+03
-2.124710368906425174e+03
-2.124732652257331210e+03
-2.124716577123077059e+03
-2.124683046101991295e+03
-2.124703399606470157e+03
-2.124714674655396720e+03
-2.124716578170818138e+03
-2.124721457711035782e+03
-2.124733624522569698e+03
-2.124741755229055343e+03
-2.124750527317957676e+03
-2.124759560251691255e+03
-2.124772532762389801e+03
-2.124720532038890269e+03
-2.124718041312842615e+03
-2.124711986908094786e+03
-2.124713958659994660e+03
-2.124699446165776862e+03
-2.124695394517454133e+03
-2.124701194265755475e+03
-2.124671556825285279e+03
-2.124670343100289301e+03
-2.124704988349963969e+03
-2.124673716082751071e+03
-2.124693670543281314e+03
-2.124720976551236163e+03
-2.124730316615650281e+03
-2.124736323124833234e+03
-2.124725528524921174e+03
-2.124723331486534789e+03
-2.124715329679471324e+03
-2.124684555634683420e+03
-2.124696560219689218e+03
-2.124680119685765476e+03
-2.124683704176284209e+03
-2.124682347821992607e+03
-2.124700218800954190e+03
-2.124735037583374378e+03
-2.124741512639127905e+03
-2.124762721767833227e+03
-2.124755838336061970e+03
-2.124769605859150943e+03
-2.124750907578677925e+03
-2.124742414352574542e+03
-2.124758919821682866e+03
-2.124774281742498715e+03
-2.124769364569710888e+03
-2.124778992156308050e+03
-2.124771999278383191e+03
-2.124769057680073274e+03
-2.124782800266642880e+03
-2.124760289494461176e+03
-2.124780306589983866e+03
-2.124778078258857477e+03
-2.124794930683621260e+03
-2.124764814132018728e+03
-2.124775716519256548e+03
-2.124789472093210861e+03
-2.124785534181834919e+03
-2.124749450522095685e+03
-2.124764051141701202e+03
-2.124771357270763929e+03
-2.124762522672304840e+03
-2.124740480399096214e+03
-2.124776424667476022e+03
-2.124761497701811550e+03
-2.124763543169504374e+03
-2.124747535757412152e+03
-2.124737437271197450e+03
-2.124725758196815150e+03
-2.124715879338554259e+03
-2.124721120047568093e+03
-2.124733875398213968e+03
-2.124799006533739885e+03
-2.124804150594032308e+03
-2.124792469838478610e+03
-2.124774894204183056e+03
-2.124752276872286984e+03
-2.124760239144053230e+03
-2.124788123607855141e+03
-2.124789863069029707e+03
-2.124782844640903022e+03
-2.124770635691424104e+03
-2.124763247691530069e+03
-2.124735158941910868e+03
-2.124743652833354645e+03
-2.124752065969541491e+03
-2.124766380737551572e+03
-2.124713833406686717e+03
-2.124700135963824323e+03
-2.124699217349871105e+03
-2.124706917770888595e+03
-2.124694164306172752e+03
-2.124656145348602422e+03
-2.124664063325107691e+03
-2.124658178907287947e+03
-2.124630082499388209e+03
-2.124697931340832838e+03
-2.124760553300071479e+03
-2.124718512802262012e+03
-2.124765601820894972e+03
-2.124719169520411015e+03
-2.124715473524131994e+03
-2.124741573043279914e+03
-2.124748636666270158e+03
-2.124745809563395596e+03
-2.124777168832832558e+03
-2.124776774054770158e+03
-2.124785864006887550e+03
-2.124764826539556907e+03
-2.124777594451990808e+03
-2.124766508821238403e+03
-2.124754833517337374e+03
-2.124754196680461973e+03
-2.124747815648409414e+03
