-2.123709558263150029e+03
-2.123816107942774579e+03
-2.123913619778719749e+03
-2.123993379163751342e+03
-2.124066425750462258e+03
-2.124129905523185698e+03
-2.124183931010190918e+03
-2.124214226650785804e+03
-2.124278445734370052e+03
-2.124293396983086495e+03
-2.124328829537406818e+03
-2.124354576196851212e+03
-2.124380199002106110e+03
-2.124404984385436819e+03
-2.124431016722297954e+03
-2.124455637060698791e+03
-2.124466577637001592e+03
-2.124476832317526259e+03
-2.124467504216058842e+03
-2.124492515494103827e+03
-2.124493759176214098e+03
-2.124521742533541328e+03
-2.124528657621244292e+03
-2.124533667440976842e+03
-2.124585802447546030e+03
-2.124594850054601466e+03
-2.124628343149985994e+03
-2.124628686849552651e+03
-2.124598271484274846e+03
-2.124591823144780392e+03
-2.124595775995743679e+03
-2.124629250124868122e+03
-2.124623046978524599e+03
-2.124681253364989971e+03
-2.124695193004886278e+03
-2.124709164280979621e+03
-2.124713043387497692e+03
-2.124745570674972896e+03
-2.124748955792688321e+03
-2.124730966936774166e+03
-2.124715029497753676e+03
-2.124714997575495090e+03
-2.124726263273078530e+03
-2.124760244035736378e+03
-2.124740299843139383e+03
-2.124745873641101298e+03
-2.124726066566438931e+03
-2.124737174798580781e+03
-2.124725522213881050e+03
-2.124668013883848744e+03
-2.124696135989743652e+03
-2.124702790516602818e+03
-2.124682130093828164e+03
-2.124708546713920896e+03
-2.124725720414855004e+03
-2.124721934921459706e+03
-2.124725947209303285e+03
-2.124752149916459530e+03
-2.124711200529019607e+03
-2.124689375977626241e+03
-2.124708023164304450e+03
-2.124731590610524563e+03
-2.124768998544395345e+03
-2.124719500630912989e+03
-2.124745765444122299e+03
-2.124704751345623663e+03
-2.124749559844598934e+03
-2.124748171618835840e+03
-2.124748073483418011e+03
-2.124730608884797675e+03
-2.124766795160803213e+03
-2.124757357563174992e+03
-2.124765391196062410e+03
-2.124711062396796478e+03
-2.124698901994080188e+03
-2.124671638961287954e+03
-2.124701517538508142e+03
-2.124726393841378467e+03
-2.124807137750181937e+03
-2.124741931717887837e+03
-2.124730985633597811e+03
-2.124764414276913158e+03
-2.124749322303068311e+03
-2.124746877815045536e+03
-2.124747414686085904e+03
-2.124754962470863575e+03
-2.124785400754966759e+03
-2.124752948914721401e+03
-2.124744588187976206e+03
-2.124721577108634847e+03
-2.124735788080773546e+03
-2.124749151398867070e+03
-2.124754794557331479e+03
-2.124771525766166633e+03
-2.124769832949334159e+03
-2.124778840664743257e+03
-2.124790589701772660e+03
-2.124763833652493304e+03
-2.124771171978325583e+03
-2.124742331371709042e+03
-2.124727215546246953e+03
-2.124734542638145740e+03
-2.124723968663327014e+03
-2.124742400331436784e+03
-2.124746222482345274e+03
-2.124746492695746838e+03
-2.124751636769743982e+03
-2.124761998862106793e+03
-2.124755657529053678e+03
-2.124710521101394988e+03
-2.124719549239748630e+03
-2.124763972851950712e+03
-2.124782628647464662e+03
-2.124807742871894789e+03
-2.124773882122988198e+03
-2.124964842793446223e+03
-2.124814023093832020e+03
-2.124834280027564091e+03
-2.124828831222099780e+03
-2.124840168790580265e+03
-2.124808087372419322e+03
-2.124811217807816774e+03
-2.124752233570425233e+03
-2.124768533393775215e+03
-2.124779703374738347e+03
-2.124787275593260347e+03
-2.124811697491696577e+03
-2.124837556550427507e+03
-2.124773899801579773e+03
-2.124743302525311265e+03
-2.124710361964507229e+03
-2.124738318268316107e+03
-2.124702012420894334e+03
-2.124705554777305679e+03
-2.124724365615277748e+03
-2.124762853348142471e+03
-2.124776225959330532e+03
-2.124725570285886533e+03
-2.124708442045757238e+03
-2.124710026612671300e+03
-2.124690855689967520e+03
-2.124669689729660604e+03
-2.124660354364014893e+03
-2.124682818833645342e+03
-2.124678139268690757e+03
-2.124669460587381309e+03
-2.124652130043702527e+03
-2.124633552148770832e+03
-2.124646995208117460e+03
-2.124654072665557578e+03
-2.124627456901705955e+03
-2.124648709248731393e+03
-2.124653179654237647e+03
-2.124676681908495993e+03
-2.124653905750199556e+03
-2.124687652330834226e+03
-2.124741191335356234e+03
-2.124689411691240366e+03
-2.124713709283706521e+03
-2.124720715966305306e+03
-2.124727139501607780e+03
-2.124763355606465666e+03
-2.124719021823143066e+03
-2.124742289437671843e+03
-2.124705628559196157e+03
-2.124713487563092258e+03
-2.124704006569333160e+03
-2.124744488785022895e+03
-2.124751434241630250e+03
-2.124757326928108796e+03
-2.124768865525228193e+03
-2.124792348685999059e+03
-2.124816778982823053e+03
-2.124818768931747854e+03
-2.124826929244337862e+03
-2.124799401149185542e+03
-2.124798640153967881e+03
-2.124756799289239098e+03
-2.124728582823063334e+03
-2.124758132960973398e+03
-2.124777321032805503e+03
-2.124762174157647678e+03
-2.124792561485282931e+03
-2.124778212626408276e+03
-2.124796211406388011e+03
-2.124806345674111071e+03
-2.124843316569144918e+03
-2.124822595238882514e+03
-2.124858066121791126e+03
-2.124847034742229880e+03
-2.124855922872938663e+03
-2.124809418755606202e+03
-2.124797935669059825e+03
-2.124776877255222189e+03
-2.124760176573772696e+03
-2.124735542729359622e+03
-2.124733073006263567e+03
-2.124754219748665037e+03
-2.124768426122771871e+03
-2.124796103847038012e+03
-2.124776520655549120e+03
-2.124796180805544736e+03
-2.124780940694074161e+03
-2.124747232288600117e+03
-2.124723533436351318e+03
-2.124760055860106604e+03
-2.124747256393202861e+03
-2.124764358857021307e+03
-2.124741668662923985e+03
-2.124766376156105252e+03
-2.124778293440996549e+03
-2.124814876173107677e+03
-2.124816907132939377e+03
-2.124794421638200674e+03
-2.124808260335928026e+03
-2.124789163639028629e+03
-2.124776369137494839e+03
-2.124762493904625899e+03
-2.124741887573151416e+03
-2.124747765201748734e+03
-2.124734619598776135e+03
-2.124750926201987568e+03
-2.124739351454895314e+03
-2.124712780965014645e+03
-2.124688030158381935e+03
-2.124672050521419806e+03
-2.124714007360340929e+03
-2.124729768184063232e+03
-2.124733448916729230e+03
-2.124723244754423376e+03
-2.124790053353252461e+03
-2.124785253846294381e+03
-2.124767046089910764e+03
-2.124758202115563108e+03
-2.124761895782495685e+03
-2.124775924336900971e+03
-2.124766326813609339e+03
-2.124748097397628499e+03
-2.124748313405542831e+03
-2.124701705369373030e+03
-2.124747314614574861e+03
-2.124705857630227911e+03
-2.124656067332031398e+03
-2.124653120044432399e+03
-2.124700420225637117e+03
-2.124742768072604576e+03
-2.124765672213354719e+03
-2.124760671834762888e+03
-2.124765679590645959e+03
-2.124817518648441364e+03
-2.124784317386469411e+03
-2.124778362159063363e+03
-2.124798701331017583e+03
-2.124773505107511482e+03
-2.124794092450219523e+03
-2.124781146009958775e+03
-2.124806380876738331e+03
-2.124817109686574440e+03
-2.124836010271259966e+03
-2.124833185536100700e+03
-2.124815936726281507e+03
-2.124816582749795089e+03
-2.124813802083929659e+03
-2.124798406978155981e+03
-2.124774695194163542e+03
-2.124772744182053884e+03
-2.124782549124817706e+03
-2.124821337441203468e+03
-2.124826534206409178e+03
-2.124864782294494489e+03
-2.124862579077876035e+03
-2.124820540938995691e+03
-2.124864804090418147e+03
-2.124831999794644162e+03
-2.124786978638423534e+03
-2.124788564698576465e+03
-2.124807060755780185e+03
-2.124847534821230965e+03
-2.124828980785967360e+03
-2.124796240158801083e+03
-2.124807136452198847e+03
-2.124811007186064671e+03
-2.124805650217529546e+03
-2.124790343151041725e+03
-2.124773296874386688e+03
-2.124743694682137175e+03
-2.124776647649752704e+03
-2.124806957064085509e+03
-2.124803323980273944e+03
-2.124782001881617816e+03
-2.124769195309280803e+03
-2.124776736578609416e+03
-2.124755398030863944e+03
-2.124786075344732581e+03
-2.124783276831823059e+03
-2.124776916819078906e+03
-2.124760469019150605e+03
-2.124737132356128313e+03
-2.124752810163236973e+03
-2.124744332210656466e+03
-2.124758323257502980e+03
-2.124753165551848724e+03
-2.124739230776545355e+03
-2.124773102817588097e+03
-2.124799665464673581e+03
-2.124782053767648904e+03
-2.124754692143288594e+03
-2.124736085472290597e+03
-2.124721675520178906e+03
-2.124718787624348352e+03
-2.124738564818506802e+03
-2.124775858052129479e+03
-2.124738615542573825e+03
-2.124765688372928253e+03
-2.124694221551867940e+03
-2.124690344377666861e+03
-2.124686733074365293e+03
-2.124697218384492771e+03
-2.124694933016557115e+03
-2.124701793371671101e+03
-2.124708970163778304e+03
-2.124645907206364882e+03
-2.124630146649603375e+03
-2.124659172093106918e+03
-2.124669438923302096e+03
-2.124674008679018698e+03
-2.124682911047425478e+03
-2.124680878332073462e+03
-2.124693747997911942e+03
-2.124699503878129235e+03
-2.124683198427133902e+03
-2.124707144707809675e+03
-2.124679462580152176e+03
-2.124724430013844085e+03
-2.124741830710953764e+03
-2.124719906675383299e+03
-2.124718707300277856e+03
-2.124716678640628288e+03
-2.124774844934750035e+03
-2.124774915646828504e+03
-2.124797340129889108e+03
-2.124778166918803890e+03
-2.124776367934687187e+03
-2.124769942860622450e+03
-2.124786327677069039e+03
-2.124692522886825827e+03
-2.124705341686741576e+03
-2.124709051442674081e+03
-2.124743791435005733e+03
-2.124678596064110934e+03
-2.124682700220574588e+03
-2.124674981512281192e+03
-2.124667236360963216e+03
-2.124689428472282998e+03
-2.124737480200875325e+03
-2.124745235128511922e+03
-2.124726659739327260e+03
-2.124735700804260887e+03
-2.124758284383387945e+03
-2.124743110841018733e+03
-2.124750878101818671e+03
-2.124753951255129778e+03
-2.124700506535738441e+03
-2.124660718801763323e+03
-2.124693592126542171e+03
-2.124698269835368137e+03
-2.124713034821391830e+03
-2.124705128403528761e+03
-2.124713873855627298e+03
-2.124702262419087219e+03
-2.124704979568593899e+03
-2.124707886084157508e+03
-2.124704447845199411e+03
-2.124723503539932608e+03
-2.124726492684712412e+03
-2.124742913119795503e+03
-2.124728133197293118e+03
-2.124715645851038971e+03
-2.124713829549599268e+03
-2.124728089633465061e+03
-2.124718494580188235e+03
-2.124760709183751715e+03
-2.124786999667943292e+03
-2.124737638607592544e+03
-2.124737735688343037e+03
-2.124725733898128965e+03
-2.124717288377915338e+03
-2.124710822211904087e+03
-2.124722773212505217e+03
-2.124695811483218677e+03
-2.124691768476408470e+03
-2.124703074216282857e+03
-2.124681007281807069e+03
-2.124695132350031145e+03
-2.124714768284358797e+03
-2.124744060957559668e+03
-2.124748894819321322e+03
-2.124792310690739214e+03
-2.124782370160873597e+03
-2.124760196118633758e+03
-2.124775144508935227e+03
-2.124773340677527358e+03
-2.124783980954713115e+03
-2.124827423901937891e+03
-2.124852004160729848e+03
-2.124887676043083957e+03
-2.124873268202305098e+03
-2.124863322511613205e+03
-2.124867178791143942e+03
-2.124848401579602069e+03
-2.124808754863071954e+03
-2.124836361297005169e+03
-2.124817828660430678e+03
-2.124814386310427835e+03
-2.124815462916434171e+03
-2.124576728378234748e+03
-2.124775414592846118e+03
-2.124760824988886725e+03
-2.124789028084273468e+03
-2.124781243771432855e+03
-2.124798708986306792e+03
-2.124755197276310355e+03
-2.124763068479197955e+03
-2.124777583255293393e+03
-2.124749684579562199e+03
-2.124756533175525874e+03
-2.124758757160281675e+03
-2.124751517586906175e+03
-2.124763466869311287e+03
-2.124753827422991890e+03
-2.124756646386071225e+03
-2.124780997716092315e+03
-2.124788735879167689e+03
-2.124778063525197922e+03
-2.124776252386388933e+03
-2.124740971556679142e+03
-2.124741495711957668e+03
-2.124719616125408265e+03
-2.124685675233200527e+03
-2.124703518243645703e+03
-2.124675079727888260e+03
-2.124728423754004325e+03
-2.124729659869418356e+03
-2.124718582129105471e+03
-2.124671079295941126e+03
-2.124694813293197058e+03
-2.124675343132793387e+03
-2.124748556161623583e+03
-2.124744333146428289e+03
-2.124752796552865220e+03
-2.124713126976385411e+03
-2.124714612170694636e+03
-2.124720966385931206e+03
-2.124720433865878476e+03
-2.124695570578899151e+03
-2.124696547516562077e+03
-2.124713891273823720e+03
-2.124674423433272295e+03
-2.124689039863148537e+03
-2.124690721897238291e+03
-2.124700033389055989e+03
-2.124711533306161982e+03
-2.124743431577226147e+03
-2.124715287427186468e+03
-2.124744208746046752e+03
-2.124738683079156090e+03
-2.124770617693818622e+03
-2.124762388291781008e+03
-2.124757773604686918e+03
-2.124762315368394866e+03
-2.124748252474014862e+03
-2.124764701124399835e+03
-2.124776890353522958e+03
-2.124800110798228616e+03
-2.124782800351029891e+03
-2.124791577906548810e+03
-2.124765959826062954e+03
-2.124723393176913305e+03
-2.124738142235152282e+03
-2.124740867517747574e+03
-2.124782039209690993e+03
-2.124773281015619432e+03
-2.124791898260683865e+03
-2.124824926343590960e+03
-2.124772126563523670e+03
-2.124756574771275609e+03
-2.124733540336247188e+03
-2.124707092934427692e+03
-2.124722824551109625e+03
-2.124727478753059131e+03
-2.124687190170743179e+03
-2.124684140710985957e+03
-2.124683983605261346e+03
-2.124700358555851835e+03
-2.124720544222633180e+03
-2.124723491933447349e+03
-2.124689195398991160e+03
-2.124705519412732428e+03
-2.124700392963018203e+03
-2.124708050025920784e+03
-2.124715173265938574e+03
-2.124703110795924658e+03
-2.124687749519294812e+03
-2.124694517545429790e+03
-2.124709021917987684e+03
-2.124686458865394343e+03
-2.124676808037339015e+03
-2.124719729393394573e+03
-2.124716464261541205e+03
-2.124738313169383673e+03
-2.124726154708929698e+03
-2.124743373651731872e+03
-2.124739374806004435e+03
-2.124737260150894599e+03
-2.124735982768354461e+03
-2.124720350579368187e+03
-2.124733151522162188e+03
-2.124719879368026795e+03
-2.124740005107943944e+03
-2.124720449952497347e+03
-2.124729257328958283e+03
-2.124728673055683885e+03
-2.124726593425678857e+03
-2.124747859688129211e+03
-2.124738451997485754e+03
-2.124729135266657977e+03
-2.124708127356671412e+03
-2.124758154306944107e+03
-2.124725485775064953e+03
-2.124720661412552090e+03
-2.124726613544432894e+03
-2.124729825048112616e+03
-2.124762262928499695e+03
-2.124787732766177214e+03
-2.124800190665610899e+03
-2.124785655377048897e+03
-2.124773260612228569e+03
-2.124730447891650329e+03
-2.124724476750098347e+03
-2.124748755635493580e+03
-2.124760691963920635e+03
-2.124769874903594427e+03
-2.124751623129059681e+03
-2.124757027944245237e+03
-2.124733934545761258e+03
-2.124734662958179797e+03
-2.124719509386295613e+03
-2.124750091195486675e+03
-2.124747766213359228e+03
-2.124720430080091774e+03
-2.124702663916863457e+03
-2.124709448025867914e+03
-2.124723978205125604e+03
-2.124721177221947528e+03
-2.124758452938871869e+03
-2.124801082155186123e+03
-2.124780558586988718e+03
-2.124768074126791817e+03
-2.124720442230221124e+03
-2.124786788943877582e+03
-2.124782930642545580e+03
-2.124769594606633291e+03
-2.124744086115864320e+03
-2.124716061275749780e+03
-2.124693230852706620e+03
-2.124730279380927641e+03
-2.124771385393270975e+03
-2.124734835065675725e+03
-2.124763748582900462e+03
-2.124746565416922749e+03
-2.124740015521282203e+03
-2.124797403206001945e+03
-2.124882732728608971e+03
-2.124848340024177560e+03
-2.124816705538214592e+03
-2.124813089898475482e+03
-2.124785489336706178e+03
-2.124807646038222174e+03
-2.124785311073780576e+03
-2.124735237758578478e+03
-2.124702598961935109e+03
-2.124698048597967045e+03
-2.124706414245407814e+03
-2.124700857377191369e+03
-2.124731852951951169e+03
-2.124704992291572125e+03
-2.124736491855468103e+03
-2.124737474401642430e+03
-2.124732107114466544e+03
-2.124760870378243908e+03
-2.124736093387181882e+03
-2.124707593816461213e+03
-2.124695287928077960e+03
-2.124712466865672468e+03
-2.124743470855284613e+03
-2.124737110491816566e+03
-2.124746359521910563e+03
-2.124750281673349491e+03
-2.124756035582418917e+03
-2.124719813166009772e+03
-2.124723755464141959e+03
-2.124735398849255944e+03
-2.124736305690439622e+03
-2.124721803449078834e+03
-2.124710107806267388e+03
-2.124719581917349387e+03
-2.124709447980329060e+03
-2.124715402908389933e+03
-2.124701636447369765e+03
-2.124700949807630423e+03
-2.124687453149812882e+03
-2.124665012995517372e+03
-2.124698312612581049e+03
-2.124683886142410302e+03
-2.124673125408331543e+03
-2.124675477331781167e+03
-2.124677001570673838e+03
-2.124672931637293459e+03
-2.124663091959826488e+03
-2.124694201052471271e+03
-2.124711764322360068e+03
-2.124697913254991818e+03
-2.124680383343828453e+03
-2.124680238527523215e+03
-2.124663467358941944e+03
-2.124690989928818908e+03
-2.124698868736854820e+03
-2.124717658357075834e+03
-2.124738889853680121e+03
-2.124753566632317415e+03
-2.124738767824177557e+03
-2.124794037088795903e+03
-2.124760863599473396e+03
-2.124740008581243274e+03
-2.124718336848669878e+03
-2.124688725527676979e+03
-2.124710362514719691e+03
-2.124687649233898810e+03
-2.124683025847865338e+03
-2.124692447083959905e+03
-2.124699264484686410e+03
-2.124718094015145653e+03
-2.124742387518544547e+03
-2.124743765203173552e+03
-2.124725362045825023e+03
-2.124744109238252349e+03
-2.124733828171269579e+03
-2.124723872328135712e+03
-2.124746228544115183e+03
-2.124748650861557053e+03
-2.124762712378241304e+03
-2.124773020604400699e+03
-2.124799743675720038e+03
-2.124780566125761197e+03
-2.124758253078060534e+03
-2.124745497776024422e+03
-2.124755727972859404e+03
-2.124778202991261878e+03
-2.124742626171031588e+03
-2.124724682243400366e+03
-2.124753214848387870e+03
-2.124764408130742140e+03
-2.124771854875824829e+03
-2.124764570549809832e+03
-2.124798299991881777e+03
-2.124788872225076375e+03
-2.124818625451896423e+03
-2.124761021870848708e+03
-2.124756388858286300e+03
-2.124723755614678339e+03
-2.124737122822728452e+03
-2.124752447667957767e+03
-2.124778606266346287e+03
-2.124748520889110750e+03
-2.124744459145266774e+03
-2.124733511604773412e+03
-2.124737914279196502e+03
-2.124751391602742842e+03
-2.124734120708089449e+03
-2.124712691819678184e+03
-2.124728312468625973e+03
-2.124720818266100650e+03
-2.124699503076704332e+03
-2.124694723250147035e+03
-2.124713498535749750e+03
-2.124719427280808759e+03
-2.124754691539309988e+03
-2.124754359490798834e+03
-2.124742139096849314e+03
-2.124748635385889429e+03
-2.124727007684517048e+03
-2.124744976268436403e+03
-2.124731993430155399e+03
-2.124739619710313036e+03
-2.124821019841749603e+03
-2.124745437550975566e+03
-2.124794172832995628e+03
-2.124801551174335145e+03
-2.124806699779089740e+03
-2.124809570170540610e+03
-2.124794687206094750e+03
-2.124790437911703521e+03
-2.124753918956123925e+03
-2.124774377227564855e+03
-2.124752916212784385e+03
-2.124731499251396144e+03
-2.124730382319973160e+03
-2.124775939126862340e+03
-2.124820662792879375e+03
-2.124805525276673052e+03
-2.124813432275153446e+03
-2.124780906222643353e+03
-2.124770322036685684e+03
-2.124758020181064694e+03
-2.124714198704450155e+03
-2.124696218999289158e+03
-2.124712164214739005e+03
-2.124741413512389499e+03
-2.124724613529728686e+03
-2.124701504920207299e+03
-2.124689908752233805e+03
-2.124699536103119954e+03
-2.124714008380569794e+03
-2.124758729428297556e+03
-2.124758857563503625e+03
-2.124820540527492540e+03
-2.124816862421659152e+03
-2.124791013777159151e+03
-2.124808946359696620e+03
-2.124818494354273753e+03
-2.124777459536483548e+03
-2.124764081885068663e+03
-2.124785251670236448e+03
-2.124773355124329555e+03
-2.124766196406746985e+03
-2.124752787406430343e+03
-2.124713097762283724e+03
-2.124709676725935878e+03
-2.124714268615968649e+03
-2.124709656186894790e+03
-2.124689199190858744e+03
-2.124679199260667701e+03
-2.124712406817737701e+03
-2.124731690798108502e+03
-2.124756003555288771e+03
-2.124787148697188059e+03
-2.124788302382261463e+03
-2.124761360234809217e+03
-2.124757192338082405e+03
-2.124805742915995324e+03
-2.124779891913284246e+03
-2.124792792168158485e+03
-2.124767938547381618e+03
-2.124781947851368841e+03
-2.124773197850231554e+03
-2.124775660675131348e+03
-2.124811150049642038e+03
-2.124783888883337568e+03
-2.124815224804308855e+03
-2.124833280759821719e+03
-2.124850428023030418e+03
-2.124895024999404995e+03
-2.124854763746240224e+03
-2.124814398158412587e+03
-2.124824829723594121e+03
-2.124729897378377245e+03
-2.124735522211203261e+03
-2.124737220625889677e+03
-2.124758408365094965e+03
-2.124783895439473781e+03
-2.124751032338830555e+03
-2.124733025928006555e+03
-2.124763493806635324e+03
-2.124759267611968880e+03
-2.124723547283115749e+03
-2.124766274912656172e+03
-2.124751763758357811e+03
-2.124749786004132147e+03
-2.124718473729744346e+03
-2.124735247873418757e+03
-2.124730867109744395e+03
-2.124714034821003224e+03
-2.124696012730631082e+03
-2.124695067901911443e+03
-2.124719316621032249e+03
-2.124697873310826708e+03
-2.124680735449362601e+03
-2.124707589355181426e+03
-2.124678224538703944e+03
-2.124701538012567653e+03
-2.124732938856595865e+03
-2.124748554355433043e+03
-2.124711173924228660e+03
-2.124675135549944116e+03
-2.124685292984219814e+03
-2.124729705140891838e+03
-2.124704347754938681e+03
-2.124697091101918431e+03
-2.124719133225661608e+03
-2.124719635253437445e+03
-2.124714821176716214e+03
-2.124699567904882315e+03
-2.124706890132647004e+03
-2.124694738529850838e+03
-2.124711292906607468e+03
-2.124726516281211843e+03
-2.124696764019021430e+03
-2.124702212372268605e+03
-2.124712121201683203e+03
-2.124703311130588190e+03
-2.124720547776691092e+03
-2.124744062855541870e+03
-2.124737500799565169e+03
-2.124742818676246770e+03
-2.124738760111513784e+03
-2.124725554314390138e+03
-2.124750668251543630e+03
-2.124742538401081219e+03
-2.124703479475853328e+03
-2.124706274642239805e+03
-2.124711822046451289e+03
-2.124712531427604063e+03
-2.124715858630926959e+03
-2.124665039897030965e+03
-2.124689262096201674e+03
-2.124696722718226283e+03
-2.124708283260036296e+03
-2.124720508737491400e+03
-2.124740593580235782e+03
-2.124757443217897617e+03
-2.124747040896171711e+03
-2.124744080914873393e+03
-2.124747068808085260e+03
-2.124744492947749677e+03
-2.124765327477437495e+03
-2.124775636639663844e+03
-2.124772336124194680e+03
-2.124781015568141811e+03
-2.124789348286402401e+03
-2.124794429876249069e+03
-2.124819658550723034e+03
-2.124850705517570987e+03
-2.124877948759793071e+03
-2.124843000974735332e+03
-2.124849243432509411e+03
-2.124797111538039644e+03
-2.124834328971902323e+03
-2.124802874283992878e+03
-2.124774360809136397e+03
-2.124784631205227925e+03
-2.124747078938486538e+03
-2.124726068321016101e+03
-2.124768028015108484e+03
-2.124764357722461682e+03
-2.124752264895229018e+03
-2.124747779211790203e+03
-2.124739101856446723e+03
-2.124719763191038965e+03
-2.124731416689621256e+03
-2.124710210094504873e+03
-2.124725078002681585e+03
-2.124728622123674540e+03
-2.124739862854908097e+03
-2.124747571100592268e+03
-2.124735016281358185e+03
-2.124759024619898810e+03
-2.124750609628293205e+03
-2.124726256600418765e+03
-2.124726643470837189e+03
-2.124739975058213986e+03
-2.124731389345652133e+03
-2.124748664285342329e+03
-2.124761396444313050e+03
-2.124740209736422003e+03
-2.124754971623849087e+03
-2.124759339258379441e+03
-2.124795910116844425e+03
-2.124788459009158487e+03
-2.124813379433955561e+03
-2.124865182448043925e+03
-2.124869556223317431e+03
-2.124819019473602566e+03
-2.124839349620952817e+03
-2.124809485046959253e+03
-2.124795685415268963e+03
-2.124851957340193621e+03
-2.124860760604497045e+03
-2.124778565260015512e+03
-2.124767255839472909e+03
-2.124763832268267379e+03
-2.124769168827377598e+03
-2.124815646962247229e+03
-2.124822415390512106e+03
-2.124748966625913454e+03
-2.124753098525578935e+03
-2.124768427047915793e+03
-2.124778148805722140e+03
-2.124752826776277288e+03
-2.124713993962012410e+03
-2.124704692442619944e+03
-2.124701057274861796e+03
-2.124704042554069019e+03
-2.124703586952156911e+03
-2.124707406626818283e+03
-2.124663234022892539e+03
-2.124640921916869047e+03
-2.124648028926268580e+03
-2.124668733137203617e+03
-2.124688722589042300e+03
-2.124693836829327211e+03
-2.124731161772371252e+03
-2.124724768003424742e+03
-2.124722082563585900e+03
-2.124703176299648476e+03
-2.124702813190390316e+03
-2.124723386809132535e+03
-2.124668451579361772e+03
-2.124691268170307012e+03
-2.124692112370351879e+03
-2.124705005788506696e+03
-2.124678453941040061e+03
-2.124693612223064520e+03
-2.124708471373038719e+03
-2.124703624106125517e+03
-2.124703193627878591e+03
-2.124735678728215589e+03
-2.124749395075250050e+03
-2.124732345655608697e+03
-2.124698322825532159e+03
-2.124742346389829436e+03
-2.124817654489472716e+03
-2.124796077150773726e+03
-2.125070790489468436e+03
-2.124784706783724232e+03
-2.124760101656707775e+03
-2.124762602897002125e+03
-2.124708127663930100e+03
-2.124687446977905893e+03
-2.124724874580663709e+03
-2.124700550100111741e+03
-2.124664278351306621e+03
-2.124688875978558372e+03
-2.124689032192722152e+03
-2.124668182683378745e+03
-2.124658057922397802e+03
-2.124682033479643451e+03
-2.124693263364245013e+03
-2.124688449469769694e+03
-2.124674264577095073e+03
-2.124690678523214046e+03
-2.124684139753337604e+03
-2.124663321119706325e+03
-2.124662477974124158e+03
-2.124657242322218281e+03
-2.124648542054713744e+03
-2.124647929272145120e+03
-2.124664825194337027e+03
-2.124685004409487647e+03
-2.124697332816643211e+03
-2.124762900250032544e+03
-2.124727623437252532e+03
-2.124726022660467606e+03
-2.124722728187401572e+03
-2.124697688119086706e+03
-2.124706166598237814e+03
-2.124692280090612257e+03
-2.124705122569952437e+03
-2.124721623920976072e+03
-2.124698745362605223e+03
-2.124677324269041947e+03
-2.124695464577471739e+03
-2.124700718261407474e+03
-2.124734066777743465e+03
-2.124685496945292471e+03
-2.124718614189936488e+03
-2.124708456061468041e+03
-2.124699993258298946e+03
-2.124677307729247786e+03
-2.124661746222053807e+03
-2.124683270726884530e+03
-2.124666307656118988e+03
-2.124669616324708841e+03
-2.124670949460887641e+03
-2.124670393383848022e+03
-2.124668545005323722e+03
-2.124703829597288404e+03
-2.124657435091569823e+03
-2.124652273997605334e+03
-2.124676817121547629e+03
-2.124703552139469593e+03
-2.124708248453966462e+03
-2.124719564638338852e+03
-2.124723327773701840e+03
-2.124737590752324195e+03
-2.124746186001303158e+03
-2.124754702151682068e+03
-2.124760183674036398e+03
-2.124744073124625629e+03
-2.124746249580551648e+03
-2.124717193612375922e+03
