2.537362103648294731e+00
3.544842232034797203e+00
1.440474088783799400e-01
-1.159617798467741656e-01
9.780606500459629871e-01
9.346362051357423040e-01
1.117135306437633480e+00
9.005001129319824271e-02
1.668136888207016888e+00
6.084984863357993934e-01
1.087894967158968135e-01
1.504756517135868998e-01
1.115966692075438749e+00
2.406109178640270407e+00
-4.523713046527660930e-01
1.160075752706462682e+00
1.562568625968442149e+00
5.960411042756093014e-01
9.040870397326268570e-02
-4.247228713406790701e-02
7.224069361362628339e-01
2.252653465792156418e+00
4.526558872897357144e-01
2.823294591430965284e+00
2.320955144836401640e+00
2.093082176253913573e+00
-9.177151564082997037e-02
-8.936524055154189405e-02
1.232930709654428858e+00
2.560991273811500601e+00
2.147061676358254623e+00
2.096808066052959774e+00
7.594261076382466946e-01
4.685040306808691546e-01
2.352985403044378643e+00
1.772527175015542689e+00
-7.114621409401239438e-02
3.130425086859356387e-01
2.884655640024264001e-01
3.482797729440964551e-01
1.376938598288386141e-02
5.173334931830477768e-01
1.185415833571700661e+00
9.878317166763781465e-01
7.941146779970426062e-02
-2.796586330071274551e-01
2.497776274462771562e-01
-1.358008754689734587e-01
-1.170247407301332060e-01
-1.344689532069402726e-01
8.028232396401044357e-02
1.039101609561665640e+00
-2.335754575000148769e-01
6.700762632178690614e-01
4.494149568690052887e-01
3.107543923644856543e-02
7.858078084846957800e-01
-4.955671576900813058e-01
-2.605095274410049733e-01
3.900608379869855424e-01
1.418902890785840309e+00
1.594986369829775263e+00
1.845556603072361357e+00
8.055970216833971409e-02
-4.667371860930600858e-01
1.220912312166970271e+00
3.270113465559935650e-01
-1.116858595392039993e-01
1.307867289471539962e+00
7.837753934461038074e-01
1.575917707700134729e+00
1.270463129212497044e+00
-7.155680620386656310e-01
6.473810051087428574e-01
-6.048511993815262056e-01
-5.131010865786104352e-03
2.915990822108883718e-01
2.719807482908533913e-01
1.825358484708118789e+00
1.778712508591678398e+00
