-5.829915647351754382e-01
2.220330542353897041e+00
1.500134053766004616e+00
3.023380376751969578e-01
1.646755645689973679e+00
-5.945977325253906098e-01
6.854244120215646774e-01
-1.543468301525024733e-01
-1.033052827686251340e-01
5.383766728452040740e-01
4.191135913877409025e-01
6.880130464806704094e-01
7.278937930048525740e-01
8.780676810392105125e-01
9.713787620046333560e-01
4.139288616147127065e-02
2.375765832028245705e-01
7.237360474762610796e-02
1.813729519946251090e+00
7.994542822679868987e-02
6.457993513693677246e-02
4.785172626677403618e-01
-4.214557074077936449e-01
2.025805585915119167e-01
-1.735587150620799268e-01
1.502216392686017477e+00
8.769838143720681822e-02
6.633861340188614841e-01
1.169833571057525612e+00
3.778388023237386206e-01
-4.720331216194278423e-01
4.211002356763693388e-01
9.485082137010331094e-01
5.425049770958272344e-01
1.063000416484921828e+00
9.363397209428186985e-01
-6.882146351305100662e-01
1.753908465709344555e-01
5.175659360995064073e-01
1.805931400131397968e+00
2.012754312974574411e+00
2.062517065898370916e+00
2.813342923496913242e-02
1.667568568998504031e+00
1.063610894994049927e+00
1.001740942809784096e+00
2.053503716191580342e-01
1.834985908751373129e+00
-4.194994876272002959e-01
4.059149952426318042e-01
1.227860116818611180e+00
3.524893818878439000e-01
-1.004504974380256543e+00
7.830601423306512432e-01
1.491747554800771924e+00
5.342310055323994111e-02
7.815750499566310738e-01
-6.901867075193517109e-02
6.384342519846176733e-01
4.327352992469494369e-02
-4.009555418552481765e-01
1.493504688967618677e+00
2.695783388689518389e+00
7.707246209590500330e-01
9.516102679448635859e-01
8.430651004650155933e-01
1.255559249845813907e+00
1.620131342833220689e+00
2.028275030091662767e+00
2.138363993943087848e+00
2.632726697688109740e-01
-4.671338100164169060e-01
-3.015216150162755571e-01
2.804021498358930664e-01
1.897750976519382737e+00
2.169921630700312409e+00
1.193897925707712693e+00
3.741716831887441641e-01
5.685814834373564830e-01
1.653621286896583553e-01
2.456987276767798267e+00
1.246782670144495619e-01
1.393600567814758495e+00
1.710629831053940064e+00
2.270566862386894424e+00
1.899743083691074919e+00
4.281108753652106969e-01
1.468767160923029502e+00
1.138566834720014187e+00
1.884825158533097067e+00
1.415014248411573972e+00
2.527384156231468282e+00
1.819355669420440469e-01
-4.830288557895710821e-02
-5.759441959429350000e-01
4.636523907582146831e-01
1.404474309831314827e+00
9.829662199222903851e-01
-2.950728632358095016e-01
-3.830353596356462220e-01
2.449067907383016829e-01
9.746401178285622746e-02
1.944195232843902943e+00
4.618166081423802360e-02
7.314583495928750345e-01
1.065067950405414798e+00
-9.880851769080315483e-01
1.936809999630388468e+00
1.190363306056713366e+00
2.498612718655981446e+00
1.565141682895835329e-01
1.154932779491318229e+00
4.306961654294521602e-01
1.726922887705932164e+00
-2.185914912273814459e-01
-1.514043784815180364e-02
7.392953234790076156e-01
1.798150489804504870e+00
1.712887721201466817e+00
1.153198387742800368e-01
1.019969337636730922e+00
1.017848300671114758e+00
-6.227166146895377619e-01
1.520841589730050625e-01
1.912712111097528034e+00
3.750396532679540207e-01
1.248709497340023900e+00
2.300222315065327816e+00
-3.304764315725864376e-01
-2.177761939379558032e-01
1.484237171293298907e+00
1.647867325898675350e+00
1.194909164082263997e-01
9.833571099849470754e-01
1.517310604784678940e+00
5.160894669038366966e-02
2.060731160740605361e-01
-1.395707300543466700e-01
1.883602356672818834e+00
7.715718794817933990e-01
5.612189363951225474e-02
-6.022890260736757373e-01
1.560781586099779572e+00
1.622209410545695007e+00
8.219649743070456260e-01
-6.826932983259910957e-03
1.735797555668769643e-01
1.531186994966964587e-01
5.202166678813999745e-01
1.147941291626183080e+00
4.192820728087868765e-01
6.045168319270454171e-01
2.553095159110238654e+00
1.686391951672207457e+00
9.506584882618093202e-01
5.418433663852678661e-01
1.401497922339477453e+00
4.134943021535339436e-01
9.835891536212773220e-03
4.860396426093784861e-01
6.261848081734581184e-01
-5.644095181786176058e-02
-2.772569798479482817e-01
7.765613929448698105e-01
1.109357756316501353e+00
-1.346940114606744787e+00
1.557463918936388136e+00
1.897383472119836600e+00
4.577131950378612313e-01
-8.702749253521446793e-02
1.011926052781070284e+00
2.001595537464130103e+00
9.173539118568393991e-02
5.015966331606948048e-01
1.051384180180214845e+00
2.150606655121880983e+00
7.317065677988079941e-02
2.395103273909518493e-01
1.177485919151965765e+00
2.514787705199561518e-01
5.643637891664644579e-01
-1.689345138059533402e-01
9.298429402146988210e-01
-1.222439950831599176e-01
2.490329068672778590e-01
3.184339430242061342e-01
4.179256885613684136e-01
4.496369825561378542e-04
2.599616397669066714e-01
9.042610390684741040e-01
-4.397984647095633526e-01
-2.532730875588561914e-01
1.294125404504316679e+00
2.183804465575159615e+00
4.084106794781240946e-01
9.921069711149679282e-01
5.128502509402214082e-01
2.363785242502937312e+00
4.877825934636987326e-01
8.383476247246400836e-01
9.546153576854966571e-01
1.541991112881378134e+00
8.791002904758055125e-01
4.901067294514931949e-01
3.053820169650899308e-01
3.940671703095421918e-01
5.297796463445612059e-01
4.479357474152994012e-01
2.927485187208973993e+00
2.392401931848678220e+00
3.851696354888857754e-01
2.369628318394276345e+00
4.532068695352717280e-02
-1.600154302881038326e-01
3.801787076577939350e-01
3.950449408875514878e-01
1.016652996247260132e+00
9.785073385393450174e-01
8.288722656423257451e-01
1.725216855582859310e+00
