-2.121411003890434131e+03
-2.121411003890434131e+03
-2.121411004053673423e+03
-2.121411004093211432e+03
-2.121411004076388053e+03
-2.121394288953174964e+03
-2.121415979246210554e+03
-2.121474717466279799e+03
-2.121474717476730348e+03
-2.121460004814774948e+03
-2.121474137431291638e+03
-2.121453018717937084e+03
-2.121396601352702419e+03
-2.121356216576340557e+03
-2.121506112374591339e+03
-2.121883188803089524e+03
-2.121866661490706520e+03
-2.121880671583993717e+03
-2.121887210328972742e+03
-2.121883812083508928e+03
-2.121503305686089789e+03
-2.121535830008153425e+03
-2.121885800347522490e+03
-2.122141072832858299e+03
-2.122111775323763595e+03
-2.122149456094321977e+03
-2.122165309765838174e+03
-2.122230047018913865e+03
-2.122052286368762907e+03
-2.122052915894806119e+03
-2.122242312730959839e+03
-2.122244206598426445e+03
-2.122272522185558955e+03
-2.122332954354271806e+03
-2.122308752371075570e+03
-2.122141213343031723e+03
-2.122366911003933183e+03
-2.122383724737083867e+03
-2.122349926463742122e+03
-2.122069584019885951e+03
-2.122339016291950429e+03
-2.122220446447225640e+03
-2.122373564894376159e+03
-2.122186801994233520e+03
-2.122566752341025222e+03
-2.122528916947632752e+03
-2.122508050209452449e+03
-2.122238416290949317e+03
-2.122413424013549957e+03
-2.122375308578168642e+03
-2.122540675104278762e+03
-2.122383983431448996e+03
-2.122507140479758618e+03
-2.122366609652462103e+03
-2.122552023031102181e+03
-2.122356689286524670e+03
-2.122520461890072966e+03
-2.122482417588425051e+03
-2.122532973305983887e+03
-2.122414873858741430e+03
-2.122488972964949426e+03
-2.122334427475822849e+03
-2.122579039053473480e+03
-2.122463672614556344e+03
-2.122551787541362501e+03
-2.122553491713066705e+03
-2.122550289699115638e+03
-2.122460413365372460e+03
-2.122517856632434359e+03
-2.122289386957961597e+03
-2.122566137394951056e+03
-2.122465813176589563e+03
-2.122508672492182086e+03
-2.122590169043786318e+03
-2.122572521946270172e+03
-2.122573032864247125e+03
-2.122563381081796706e+03
-2.122290733997969710e+03
-2.122542425446526067e+03
-2.122360125163254907e+03
-2.122570240472959995e+03
-2.122473624556442701e+03
-2.122785867030269401e+03
-2.122517183920598200e+03
-2.122785867430292456e+03
-2.122492654953440251e+03
-2.122807696101694091e+03
-2.122667905556641017e+03
-2.122807696617109286e+03
-2.122737480088695975e+03
-2.122777825896077047e+03
-2.122706327962013347e+03
-2.122766123872574099e+03
-2.122643180752452281e+03
-2.122812421917496522e+03
-2.122752497373510323e+03
-2.122811416429384735e+03
-2.122652585554543748e+03
-2.122805978715416131e+03
-2.122402571176720357e+03
-2.122795746694409445e+03
-2.122603060494886904e+03
-2.122734572910463157e+03
-2.122740849780607277e+03
-2.122805090046605983e+03
-2.122654730379634657e+03
-2.122829011669352894e+03
-2.122682430766261859e+03
-2.122828697518644276e+03
-2.122625439497903699e+03
-2.122819417823224740e+03
-2.122655274215898316e+03
-2.122871268663648607e+03
-2.122865286938969348e+03
-2.122884495088947915e+03
-2.122660920126162637e+03
-2.122880077846226868e+03
-2.122731804780301900e+03
-2.123003776038867727e+03
-2.122803914909531159e+03
-2.123032343742808280e+03
-2.122901973070091117e+03
-2.123039640091931687e+03
-2.122869096225390876e+03
-2.123050174137115846e+03
-2.122941799873947730e+03
-2.123051204324613991e+03
-2.123063696068154968e+03
-2.123154716397697484e+03
-2.123017924284083620e+03
-2.123066193815915085e+03
-2.122820398447338448e+03
-2.123150680285879389e+03
-2.123108498460810097e+03
-2.123201100842247797e+03
-2.123086531517491039e+03
-2.123152827026246996e+03
-2.123104173426036596e+03
-2.123085423585829631e+03
-2.123196692707613238e+03
-2.123202201402821629e+03
-2.123117876822260769e+03
-2.123216620307231551e+03
-2.122964509923875539e+03
-2.123147536799866430e+03
-2.123264110341048763e+03
-2.123222792809815928e+03
-2.123116595636783586e+03
-2.123262993101735447e+03
-2.123216430481253610e+03
-2.123267992658755247e+03
-2.123287287685071533e+03
-2.123288589439136558e+03
-2.123286987538449921e+03
-2.123266847819708801e+03
-2.123140387928166092e+03
-2.123296953189007127e+03
-2.123329011724224074e+03
-2.123347456707760557e+03
-2.123283810018924669e+03
-2.123343408655758140e+03
-2.123149461335319302e+03
-2.123371369179873909e+03
-2.123179793848568352e+03
-2.123338144504189586e+03
-2.123093054147625935e+03
-2.123332801753873810e+03
-2.123169178197220390e+03
-2.123328346339207201e+03
-2.123264378133337232e+03
-2.123361897918703107e+03
-2.123331896601770040e+03
-2.123381493010335362e+03
-2.123182781163710388e+03
-2.123389184856257998e+03
-2.123271195839871780e+03
-2.123389185641068252e+03
-2.123251445699422220e+03
-2.123374223314101073e+03
-2.123353862029048742e+03
-2.123372079748924989e+03
-2.123273456405282559e+03
-2.123389186549394708e+03
-2.123336188541006322e+03
-2.123391751584854319e+03
-2.123072219055100049e+03
-2.123329552252597296e+03
-2.123206308869278018e+03
-2.123366367796640588e+03
-2.123031601039283487e+03
-2.123377999292332333e+03
-2.123196573568230178e+03
-2.123378107835784704e+03
-2.123181005264261785e+03
-2.123385361815704073e+03
-2.123208757328013689e+03
-2.123390740729654226e+03
-2.123267356156600272e+03
-2.123381625642128256e+03
-2.123417697639534254e+03
-2.123414829228723647e+03
-2.123314172227994732e+03
-2.123271035777926045e+03
-2.123362002753962315e+03
-2.123426054117715012e+03
-2.123414961334223335e+03
-2.123440249554444563e+03
-2.123309671215256458e+03
-2.123445255294682283e+03
-2.123231341262896422e+03
-2.123452736343105244e+03
-2.123166675100218526e+03
-2.123403898442749778e+03
-2.123332037863739060e+03
-2.123387572865458424e+03
-2.123387110147590647e+03
-2.123408373706712609e+03
-2.123190141831585152e+03
-2.123430525742284772e+03
-2.123136104620892638e+03
-2.123443400795863454e+03
-2.123258117015438984e+03
-2.123452164722606540e+03
-2.123314762089004944e+03
-2.123444117439765250e+03
-2.123259811774509217e+03
-2.123499268458481765e+03
-2.123441393520502515e+03
-2.123450756625326903e+03
-2.123462045754755309e+03
-2.123496457291696061e+03
-2.123398076832493643e+03
-2.123508201356165046e+03
-2.123103852601018843e+03
-2.123505795284381293e+03
-2.123489620493993243e+03
-2.123495110662910520e+03
-2.123503269941846611e+03
-2.123485315183152125e+03
-2.123355956449237055e+03
-2.123512625195508463e+03
-2.123373170688179925e+03
-2.123342620555726171e+03
-2.123460130664175722e+03
-2.123478196381241105e+03
-2.123279137674059712e+03
-2.123532139946028110e+03
-2.123137373546353047e+03
-2.123547500048392067e+03
-2.123405643396958567e+03
-2.123552063165986965e+03
-2.123520100031640141e+03
-2.123473051464587115e+03
-2.123498660171063420e+03
-2.123563539337590555e+03
-2.123527526696804671e+03
-2.123549552694174963e+03
-2.123531759438677909e+03
-2.123557050972643992e+03
-2.123525344014772600e+03
-2.123557095494884834e+03
-2.123076711423038887e+03
-2.123497530382775039e+03
-2.123466647173186630e+03
-2.123573628716886560e+03
-2.123441648382224230e+03
-2.123565799103936115e+03
-2.123536586713822544e+03
-2.123546295232636567e+03
-2.123388310408015514e+03
-2.123573629531921597e+03
-2.123402226939119373e+03
-2.123573631481221582e+03
-2.123564945268456995e+03
-2.123582468359865288e+03
-2.123574645335268997e+03
-2.123576784270172539e+03
-2.123574539088245729e+03
-2.123586787413069942e+03
-2.123431117981600437e+03
-2.123587056591836244e+03
-2.123484158737380767e+03
-2.123550874177215974e+03
-2.123587456375841157e+03
-2.123465201439461907e+03
-2.123481662628368213e+03
-2.123585204599220560e+03
-2.123223214745685709e+03
-2.123500733528410365e+03
-2.123364291861529637e+03
-2.123562441141184081e+03
-2.123474915183680423e+03
-2.123548543060389420e+03
-2.123454995479212357e+03
-2.123580478252518333e+03
-2.123525110967117143e+03
-2.123582546522177381e+03
-2.123539387826220263e+03
-2.123549675885342822e+03
-2.123539610922885913e+03
-2.123583984238112862e+03
-2.123332286835598552e+03
-2.123548681227811812e+03
-2.123331320935621079e+03
-2.123575590666306198e+03
-2.123407829470290835e+03
-2.123591665174960326e+03
-2.123298817447896909e+03
-2.123522173983565153e+03
-2.123443351282646745e+03
-2.123569458133521039e+03
-2.123432827200383144e+03
-2.123590420725121476e+03
-2.123478160923625182e+03
-2.123591813939088752e+03
-2.123307571809345973e+03
-2.123572906938111828e+03
-2.123423126275823961e+03
-2.123590199525390290e+03
-2.123402800190787275e+03
-2.123592934718686593e+03
-2.123523980333629879e+03
-2.123592196822283313e+03
-2.123564605794954787e+03
-2.123584796051426565e+03
-2.123530830916365176e+03
-2.123520510554190423e+03
-2.123357088249976186e+03
-2.123588207266329391e+03
-2.123054488636758833e+03
-2.123419510997714042e+03
-2.123423182630614974e+03
-2.123527241110998148e+03
-2.123470679581658715e+03
-2.123584026820734834e+03
-2.123509862412618077e+03
-2.123565658205619911e+03
-2.123465650407390058e+03
-2.123544788444582537e+03
-2.123438455076915488e+03
-2.123569318413944984e+03
-2.123446013861650044e+03
-2.123555375189482675e+03
-2.123454920884483272e+03
-2.123430711100216286e+03
-2.123562630679282393e+03
-2.123594167739965087e+03
-2.123586016138366176e+03
-2.123593482931500148e+03
-2.123583970914502515e+03
-2.123594210487148757e+03
-2.123584636887286251e+03
-2.123588488982730723e+03
-2.123591834060518522e+03
-2.123593189530586642e+03
-2.123597877051337946e+03
-2.123600485849307461e+03
-2.123581926982686127e+03
-2.123601624106454892e+03
-2.123594370046606855e+03
-2.123601624308264036e+03
-2.123600765547799256e+03
-2.123597638452123647e+03
-2.123591806358946087e+03
-2.123600506161087196e+03
-2.123588543660599044e+03
-2.123602042618111227e+03
-2.123514650037471711e+03
-2.123597298029320882e+03
-2.123536522131737456e+03
-2.123578078430873575e+03
-2.123605789022803037e+03
-2.123603849993022777e+03
-2.123592846315654697e+03
-2.123614085951597644e+03
-2.123618478407303428e+03
-2.123584436769386230e+03
-2.123619820463299675e+03
-2.123627883293977902e+03
-2.123496451199855073e+03
-2.123592077213897937e+03
-2.123572630271331036e+03
-2.123612178803764436e+03
-2.123603699849929399e+03
-2.123590405623388051e+03
-2.123596305472784024e+03
-2.123560661323055228e+03
-2.123497606535217983e+03
-2.123614953817852893e+03
-2.123601091453544086e+03
-2.123618338456301444e+03
-2.123605273138296525e+03
-2.123626018766388370e+03
-2.123608225585720447e+03
-2.123636815852494237e+03
-2.123605240161866732e+03
-2.123655647889603188e+03
-2.123630609900029867e+03
-2.123654291601329987e+03
-2.123630872307518985e+03
-2.123658541276784490e+03
-2.123621678763783166e+03
-2.123657542537551308e+03
-2.123611784428440842e+03
-2.123666848176749227e+03
-2.123663425918241501e+03
-2.123675378487330818e+03
-2.123675693442508418e+03
-2.123676758014632014e+03
-2.123673093282726768e+03
-2.123684555775564604e+03
-2.123651987935130819e+03
-2.123685416778091167e+03
-2.123674975112962329e+03
-2.123683626778516555e+03
-2.123543682384330168e+03
-2.123678087313733158e+03
-2.123650220968978829e+03
-2.123680294164504176e+03
-2.123637999511016005e+03
-2.123679713126847219e+03
-2.123672846588876382e+03
-2.123681878861155383e+03
-2.123659021692460101e+03
-2.123675686538347691e+03
-2.123678355561412900e+03
-2.123684294168055203e+03
-2.123675980228169919e+03
-2.123689610340303261e+03
-2.123683969162729227e+03
-2.123687839299838288e+03
-2.123687729640761972e+03
-2.123692531571442032e+03
-2.123681049450330192e+03
-2.123688609247812110e+03
-2.123691080725227494e+03
-2.123692830304481504e+03
-2.123685918341343040e+03
-2.123689065650930843e+03
-2.123682531677437055e+03
-2.123693467580838387e+03
-2.123691310916631210e+03
-2.123684162290735458e+03
-2.123634390138412527e+03
-2.123690315954876496e+03
-2.123601762169952963e+03
-2.123693516059998274e+03
-2.123671386566230467e+03
-2.123693486593067973e+03
-2.123689321887571623e+03
-2.123693514908754878e+03
-2.123626352490678528e+03
-2.123694086438821159e+03
-2.123659868318517965e+03
-2.123667062569224527e+03
-2.123669532781937050e+03
-2.123686679503629875e+03
-2.123614664016348343e+03
-2.123695218872723672e+03
-2.123617847018932935e+03
-2.123698829179660606e+03
-2.123620873670851779e+03
-2.123684337651227452e+03
-2.123644881878971773e+03
-2.123692154515138100e+03
-2.123618523839687441e+03
-2.123684992422611685e+03
-2.123646930506624358e+03
-2.123697610233017713e+03
-2.123665859803449166e+03
-2.123688571228390629e+03
-2.123598898424632353e+03
-2.123697454683730484e+03
-2.123632385784272628e+03
-2.123688933573865597e+03
-2.123681688738302000e+03
-2.123700089214521086e+03
-2.123663255462106008e+03
-2.123682274064394278e+03
-2.123666101427854301e+03
-2.123694812850430480e+03
-2.123672277312721690e+03
-2.123694062818927705e+03
-2.123635234581136956e+03
-2.123694186367004932e+03
-2.123686855781460508e+03
-2.123689027922846890e+03
-2.123677936882359973e+03
-2.123694532057849301e+03
-2.123654175630465033e+03
-2.123688675940771191e+03
-2.123693394995682866e+03
-2.123691702913607060e+03
-2.123657607157498205e+03
-2.123697884765706021e+03
-2.123670705764998274e+03
-2.123697814599173398e+03
-2.123592759031026617e+03
-2.123689576753303299e+03
-2.123699614022714741e+03
-2.123696876317799251e+03
-2.123700142045848224e+03
-2.123697231225874930e+03
-2.123696024054804184e+03
-2.123702457128683363e+03
-2.123701788961119291e+03
-2.123700156406680435e+03
-2.123702333782797268e+03
-2.123689021247056189e+03
-2.123702441761643968e+03
-2.123705203344497022e+03
-2.123702411905308963e+03
-2.123698013636179439e+03
-2.123704149265053729e+03
-2.123698581012583418e+03
-2.123703720935902766e+03
-2.123703900669077029e+03
-2.123705815694790090e+03
-2.123703733832810485e+03
-2.123706411796570592e+03
-2.123703537972356116e+03
-2.123706760282054347e+03
-2.123675087846312636e+03
-2.123706409740711933e+03
-2.123695903418802573e+03
-2.123706038824744155e+03
-2.123700491026982490e+03
-2.123706391021541549e+03
-2.123704192389629952e+03
-2.123702098640167605e+03
-2.123692808366894042e+03
-2.123704826990451238e+03
-2.123695128837649918e+03
-2.123706445947540033e+03
-2.123679446627684683e+03
-2.123706875445233891e+03
-2.123683142208200479e+03
-2.123700842416597425e+03
-2.123689384641995730e+03
-2.123705413946987392e+03
-2.123689083270546689e+03
-2.123706239809976978e+03
-2.123696417845542783e+03
-2.123705633538778329e+03
-2.123693798116818016e+03
-2.123707425440996758e+03
-2.123679172971170829e+03
-2.123707346035567298e+03
-2.123695517009580271e+03
-2.123708342595784870e+03
-2.123701017792649964e+03
-2.123705905747213819e+03
-2.123702800648059565e+03
-2.123707042726580767e+03
-2.123690216983568916e+03
-2.123709209765145715e+03
-2.123697423560652169e+03
-2.123707409064661533e+03
-2.123704297955353468e+03
-2.123710065567784568e+03
-2.123707155055803469e+03
-2.123704025126388387e+03
-2.123693611213956046e+03
-2.123712899163003385e+03
-2.123694894009815471e+03
-2.123714700265108149e+03
-2.123710040294377905e+03
-2.123714377159477408e+03
-2.123700525538899001e+03
-2.123712027934545858e+03
-2.123702751759503826e+03
-2.123707556405398918e+03
-2.123715652627030977e+03
-2.123715992938924956e+03
-2.123712952081790263e+03
-2.123716679041558109e+03
-2.123711040125692762e+03
-2.123714823768350470e+03
-2.123712201769692001e+03
-2.123717609902022105e+03
-2.123710264335914417e+03
-2.123716459200503323e+03
-2.123714462466747591e+03
-2.123717165661939816e+03
-2.123712752670420741e+03
-2.123716687388123319e+03
-2.123709295156297685e+03
-2.123717065729273145e+03
-2.123711017311145042e+03
-2.123717700190363757e+03
-2.123709457045901672e+03
-2.123716607691478202e+03
-2.123714115183985541e+03
-2.123716682808036239e+03
-2.123709028429437694e+03
-2.123718232528009139e+03
-2.123714017467458234e+03
-2.123714740385873938e+03
-2.123696234793925214e+03
-2.123714210339715009e+03
-2.123711291216700374e+03
-2.123716694002706845e+03
-2.123701925859309540e+03
-2.123715551224480350e+03
-2.123711009561736319e+03
-2.123716221465838771e+03
-2.123716982200223356e+03
-2.123715146711981561e+03
-2.123692507875467982e+03
-2.123719934675631521e+03
-2.123699026832696291e+03
-2.123720205093729419e+03
-2.123711227108684852e+03
-2.123723363336782313e+03
-2.123696070358090310e+03
-2.123721897371926843e+03
-2.123703132381232081e+03
-2.123724894896498881e+03
-2.123714426383800401e+03
-2.123722231564443973e+03
-2.123716774980089212e+03
-2.123724149935214882e+03
-2.123717745681414272e+03
-2.123724485419557368e+03
-2.123710757274335265e+03
-2.123724583665535647e+03
-2.123725692588346192e+03
-2.123726042249022612e+03
-2.123724381665295368e+03
-2.123726859496155157e+03
-2.123722009642331614e+03
-2.123726951147291402e+03
-2.123726229255965336e+03
-2.123726271640272444e+03
-2.123711804373316227e+03
-2.123726218833118310e+03
-2.123715945913076666e+03
-2.123727335268964907e+03
-2.123716608573195572e+03
-2.123726645117567386e+03
-2.123723380250640275e+03
-2.123726016264649388e+03
-2.123711947595990750e+03
-2.123726719015976869e+03
-2.123722931030213658e+03
-2.123723847429795569e+03
-2.123713589425054124e+03
-2.123725869100089312e+03
-2.123710425458745704e+03
-2.123722974132436775e+03
-2.123716936170314966e+03
-2.123726500147033221e+03
-2.123721581012671322e+03
-2.123725609740538403e+03
-2.123720321497081386e+03
-2.123727122502919883e+03
-2.123722187670756284e+03
-2.123726635860761235e+03
-2.123717654551427131e+03
-2.123727419136675962e+03
-2.123715930674986794e+03
-2.123728407724081535e+03
-2.123722796643772199e+03
-2.123729173725250803e+03
-2.123723544219235009e+03
-2.123728096866268970e+03
-2.123701398474150210e+03
-2.123724500171946602e+03
-2.123712135005459004e+03
-2.123726995954171798e+03
-2.123721809751344153e+03
-2.123728443544544461e+03
-2.123727226378946398e+03
-2.123730220639434265e+03
-2.123718350113636461e+03
-2.123729974031077290e+03
-2.123719521367671859e+03
-2.123730072457296956e+03
-2.123725133733294570e+03
-2.123730490843876851e+03
-2.123729807235132284e+03
-2.123730594624498735e+03
-2.123727243820098465e+03
-2.123730049621942271e+03
-2.123727948801657476e+03
-2.123728166372803571e+03
-2.123706781548748950e+03
-2.123724443547618193e+03
-2.123704819418818715e+03
-2.123729639464498632e+03
-2.123715591433048758e+03
-2.123727621919960256e+03
-2.123722508991152608e+03
-2.123729769678836419e+03
-2.123714586597518064e+03
-2.123729725396486629e+03
-2.123712947108394928e+03
-2.123730270534674219e+03
-2.123718112444164490e+03
-2.123729751584505266e+03
-2.123720328627427534e+03
-2.123726700344452183e+03
-2.123719528285600063e+03
-2.123729090978583372e+03
-2.123727158617070472e+03
-2.123729570649488323e+03
-2.123732478779752455e+03
-2.123731795895938376e+03
-2.123723581709775772e+03
-2.123732284351057842e+03
-2.123730399884442704e+03
-2.123732052064115578e+03
-2.123729478359443874e+03
-2.123729821569672367e+03
-2.123728891310377549e+03
-2.123729908199002239e+03
-2.123732530268444407e+03
-2.123727457350541954e+03
-2.123731322609207837e+03
-2.123730817846553236e+03
-2.123732788573753169e+03
-2.123726377993999449e+03
-2.123730476677044862e+03
-2.123731768843631926e+03
-2.123732536034133318e+03
-2.123729185678266276e+03
-2.123732074576515060e+03
-2.123731879253685747e+03
-2.123733308006006610e+03
-2.123734003747547831e+03
-2.123734447940244536e+03
-2.123734076890865254e+03
-2.123734509825512760e+03
-2.123733792779686155e+03
-2.123733732639127993e+03
-2.123729335618902951e+03
-2.123734321665278912e+03
-2.123731152461704369e+03
-2.123734679162135762e+03
-2.123731211664828152e+03
-2.123734635107221948e+03
-2.123730670136304070e+03
-2.123734890991719567e+03
-2.123731670628747452e+03
-2.123734533405035563e+03
-2.123732834782514146e+03
-2.123734819419256837e+03
-2.123731658728861476e+03
-2.123734656456759694e+03
-2.123733284135520080e+03
-2.123735137660270539e+03
