-2.120966183134231869e+03
-2.120966182452996236e+03
-2.120966178289285835e+03
-2.120966183361562798e+03
-2.120966184739164873e+03
-2.120966183372596333e+03
-2.120966196095630949e+03
-2.120752459546362843e+03
-2.120966187027124306e+03
-2.120966184491998774e+03
-2.120966184117347893e+03
-2.120966186492983979e+03
-2.120966185595538718e+03
-2.120966190921302314e+03
-2.120966186144305084e+03
-2.120966183434931736e+03
-2.120966916631963159e+03
-2.120783923309405054e+03
-2.120966915281072943e+03
-2.120966771015371705e+03
-2.120966918672506381e+03
-2.120966919458852317e+03
-2.120966918566084132e+03
-2.120966919354506445e+03
-2.120966919067005165e+03
-2.120966919425968626e+03
-2.120965432099125792e+03
-2.121008020831632621e+03
-2.120977624524773546e+03
-2.120738978114964084e+03
-2.121008021516676308e+03
-2.121007921583664938e+03
-2.121008020388481327e+03
-2.121008019794019219e+03
-2.121008018164779060e+03
-2.121008019660076570e+03
-2.118834378905178710e+03
-2.118664786633075892e+03
-2.118960253867237952e+03
-2.120816176709863157e+03
-2.121008168189261141e+03
-2.121012245013703250e+03
-2.121012246016298377e+03
-2.121012380730815948e+03
-2.121012379130371301e+03
-2.121012381200142499e+03
-2.121012409100845616e+03
-2.121013608050434414e+03
-2.121011742848606445e+03
-2.121136168341497978e+03
-2.121046647131179270e+03
-2.120786937255584689e+03
-2.121136520476337864e+03
-2.121134865357378203e+03
-2.121136520391820795e+03
-2.121136692179896727e+03
-2.121136696763979671e+03
-2.121136695070955284e+03
-2.121136173555433288e+03
-2.120998904602765833e+03
-2.121164121977064497e+03
-2.120916883701489951e+03
-2.121163433707049990e+03
-2.121165179196194458e+03
-2.121165266473035899e+03
-2.121166149595493152e+03
-2.121166150452843794e+03
-2.121166183912794622e+03
-2.121165483412717549e+03
-2.121174258068065228e+03
-2.121175676897231824e+03
-2.121379196892789878e+03
-2.121245651828779501e+03
-2.121057735683650208e+03
-2.121379196834252070e+03
-2.121369241871765098e+03
-2.121379200546965876e+03
-2.121379405188576129e+03
-2.121379407106710914e+03
-2.121379351871757535e+03
-2.121379239288473400e+03
-2.121130002011200304e+03
-2.121463246597613761e+03
-2.121310314006370390e+03
-2.121490225966731941e+03
-2.121532672091865152e+03
-2.121533088780406160e+03
-2.121535589103865732e+03
-2.121535588217973327e+03
-2.121536002506315981e+03
-2.121534002839878667e+03
-2.121541004050051924e+03
-2.121545816707945505e+03
-2.121663802945470707e+03
-2.121519114031932531e+03
-2.121295369102004770e+03
-2.121641257676316400e+03
-2.121604622952871523e+03
-2.121664082105199668e+03
-2.121664025227179536e+03
-2.121664078762414192e+03
-2.121664006504393001e+03
-2.121628458229638454e+03
-2.121482458039953144e+03
-2.121737252228805573e+03
-2.121666982031467342e+03
-2.121821789227148201e+03
-2.121915515296174817e+03
-2.121913950563413891e+03
-2.121918979131650303e+03
-2.121919009445482970e+03
-2.121919628455118527e+03
-2.121918067387792235e+03
-2.121935718656819972e+03
-2.121935057599534503e+03
-2.121944028376381539e+03
-2.121817119792775884e+03
-2.121634164910776690e+03
-2.121938473441879978e+03
-2.121893806816379765e+03
-2.121944661877598719e+03
-2.121942719426243912e+03
-2.121944717498803584e+03
-2.121944939812216944e+03
-2.121881537419217693e+03
-2.121898009918797925e+03
-2.121971241481127436e+03
-2.121936354424880847e+03
-2.122020089775322958e+03
-2.122097265420180065e+03
-2.122090857440020955e+03
-2.122088784728641258e+03
-2.122097571689666893e+03
-2.122097865911286590e+03
-2.122097857839617973e+03
-2.122143794479723510e+03
-2.122168155739465874e+03
-2.122095847049552049e+03
-2.122129153467072229e+03
-2.121966385436629935e+03
-2.122169929117523225e+03
-2.122143181960643687e+03
-2.122169883293200201e+03
-2.122166917263809864e+03
-2.122170319015822315e+03
-2.122170665445216855e+03
-2.122103468122161757e+03
-2.122124000147023253e+03
-2.122149841532164828e+03
-2.121936465820622743e+03
-2.122150530953955695e+03
-2.122226136819596832e+03
-2.122213651283995659e+03
-2.122211730296549831e+03
-2.122226754424274986e+03
-2.122227265634625383e+03
-2.122227525079105362e+03
-2.122264190015509939e+03
-2.122343856876580503e+03
-2.122280130154224935e+03
-2.122342426823568076e+03
-2.122204081905161274e+03
-2.122327224799103078e+03
-2.122316376081955241e+03
-2.122342250336696907e+03
-2.122322517715978393e+03
-2.122344380958891634e+03
-2.122344365968608145e+03
-2.122316897412544222e+03
-2.122316573503454038e+03
-2.122234958951529734e+03
-2.122085660154535617e+03
-2.122352749719230360e+03
-2.122490438924590308e+03
-2.122481468736934403e+03
-2.122465958503652018e+03
-2.122490534920064874e+03
-2.122498073271226986e+03
-2.122496492533504806e+03
-2.122490328139062967e+03
-2.122543260136704248e+03
-2.122495432279787565e+03
-2.122517440739495214e+03
-2.122392787865147511e+03
-2.122499023333082278e+03
-2.122467662963945713e+03
-2.122538679811935708e+03
-2.122512375939793856e+03
-2.122544414127555683e+03
-2.122543621014367545e+03
-2.122531417703503394e+03
-2.122534340319335570e+03
-2.122444033992684126e+03
-2.122331035848120337e+03
-2.122545587996522499e+03
-2.122662661819163986e+03
-2.122657645447487084e+03
-2.122641115191659537e+03
-2.122662227213118058e+03
-2.122673693082786485e+03
-2.122646458923048158e+03
-2.122631041016004929e+03
-2.122698708075268314e+03
-2.122673951128897443e+03
-2.122674665354220451e+03
-2.122600685022820016e+03
-2.122664276982893170e+03
-2.122639374646918441e+03
-2.122682102208065317e+03
-2.122657453844333759e+03
-2.122699924853707671e+03
-2.122700755024805858e+03
-2.122696775562547828e+03
-2.122712602425689056e+03
-2.122659988772203178e+03
-2.122589849144341770e+03
-2.122696867722662773e+03
-2.122664331430660695e+03
-2.122717815423698539e+03
-2.122684843195118901e+03
-2.122717444306096240e+03
-2.122718770925975150e+03
-2.122907170164622585e+03
-2.122907173124995097e+03
-2.123043007627128645e+03
-2.123043009045294184e+03
-2.123198921442045503e+03
-2.123198923408404426e+03
-2.123279262263935834e+03
-2.123279261004833643e+03
-2.123426692274048946e+03
-2.123426696740801162e+03
-2.123035168845620319e+03
-2.123426698217637295e+03
-2.123049017632513369e+03
-2.123426690739605419e+03
-2.123046455880657049e+03
-2.123426703838713820e+03
-2.123471504402622486e+03
-2.123471501988589807e+03
-2.123423527326136991e+03
-2.123471496468012901e+03
-2.123460821413988469e+03
-2.123471512422869182e+03
-2.123476996916605458e+03
-2.123476987316695613e+03
-2.123463847106126650e+03
-2.123476990167351687e+03
-2.123476178880370753e+03
-2.123459691040250618e+03
-2.123479120509794484e+03
-2.123486401999159625e+03
-2.123485822926255423e+03
-2.123486405098775322e+03
-2.123484041541682927e+03
-2.123486403456342487e+03
-2.123476648656996531e+03
-2.123486479472574047e+03
-2.123463876003066162e+03
-2.123486472044148286e+03
-2.123485135593463383e+03
-2.123486473400336763e+03
-2.123477831290214908e+03
-2.123486477544583067e+03
-2.123480776100280764e+03
-2.123486477756390286e+03
-2.123483802294779252e+03
-2.123486477555734382e+03
-2.123485251706865256e+03
-2.123486390241050231e+03
-2.123476150173504720e+03
-2.123490259571794923e+03
-2.123480992213704667e+03
-2.123492534212069586e+03
-2.123457566598845915e+03
-2.123492527416848588e+03
-2.123255933330574862e+03
-2.123492540337091214e+03
-2.123440502266911153e+03
-2.123492523467777573e+03
-2.123468734081557159e+03
-2.123493944658351666e+03
-2.123480313377884158e+03
-2.123493953277543369e+03
-2.123489148609804488e+03
-2.123493950176360613e+03
-2.123519952054172336e+03
-2.123521885361963086e+03
-2.123515228558904255e+03
-2.123477948281688896e+03
-2.123515629665249435e+03
-2.123521942661614503e+03
-2.123515986442471331e+03
-2.123527517180331415e+03
-2.123472357176738115e+03
-2.123532745058358614e+03
-2.123471371688372528e+03
-2.123533137063248887e+03
-2.123174930577286432e+03
-2.123533168054431826e+03
-2.123527420173489190e+03
-2.123533183692311923e+03
-2.123528908899348608e+03
-2.123533173281088693e+03
-2.123522061563036914e+03
-2.123534187229490271e+03
-2.123532547008086112e+03
-2.123534333911822614e+03
-2.123481206142202154e+03
-2.123533395368309812e+03
-2.123505110765593599e+03
-2.123534304264851016e+03
-2.123498743470358932e+03
-2.123533125898122762e+03
-2.123491346111762141e+03
-2.123534142337108733e+03
-2.123470587653496750e+03
-2.123534693515417530e+03
-2.123532408054051302e+03
-2.123531696578154879e+03
-2.123500274952158179e+03
-2.123534518163308803e+03
-2.123199179688367622e+03
-2.123534696870423431e+03
-2.123530107629381291e+03
-2.123534811071755939e+03
-2.123526539509261056e+03
-2.123535191953367757e+03
-2.123535909399730372e+03
-2.123536176786593842e+03
-2.123380026799882216e+03
-2.123535409691605764e+03
-2.123526628912391971e+03
-2.123536164877596548e+03
-2.123523009353674752e+03
-2.123535792733106518e+03
-2.123535954811548436e+03
-2.123536195973387294e+03
-2.123525494829315903e+03
-2.123537643242212653e+03
-2.123537200811996172e+03
-2.123528693741498955e+03
-2.123500790275833424e+03
-2.123537399525608180e+03
-2.123220754453074733e+03
-2.123537399138519959e+03
-2.123518598050518449e+03
-2.123537621463982305e+03
-2.123518276297874763e+03
-2.123541622610746344e+03
-2.123520136126620400e+03
-2.123542571425555707e+03
-2.123540305676251592e+03
-2.123542605292980170e+03
-2.123541687682241900e+03
-2.123542866208416854e+03
-2.123539461420912630e+03
-2.123529626465415276e+03
-2.123364574622615237e+03
-2.123544286402513990e+03
-2.123223887263844972e+03
-2.123541711638551078e+03
-2.123547870871615942e+03
-2.123546922892449402e+03
-2.123524690782217021e+03
-2.123546649841155613e+03
-2.123535732783190269e+03
-2.123547880637750495e+03
-2.123535517981167231e+03
-2.123547897854800340e+03
-2.123546683521538398e+03
-2.123547941567077487e+03
-2.123529333968225274e+03
-2.123547732928461301e+03
-2.123546284596657642e+03
-2.123547970136332879e+03
-2.123546232245472765e+03
-2.123547984035840273e+03
-2.123543271131323309e+03
-2.123531229771574544e+03
-2.123404427300948555e+03
-2.123529458882603194e+03
-2.123385747310184342e+03
-2.123551739877810633e+03
-2.123536750982487320e+03
-2.123551349300406400e+03
-2.123537790013356698e+03
-2.123553678927150486e+03
-2.123554536016189104e+03
-2.123554591419602730e+03
-2.123554716914895835e+03
-2.123569416152084159e+03
-2.123563097950779138e+03
-2.123569420999122030e+03
-2.123555400705228749e+03
-2.123569455203962207e+03
-2.123563449019459767e+03
-2.123569425167671398e+03
-2.123566026314649662e+03
-2.123570833271384345e+03
-2.123569009460785765e+03
-2.123557213812599002e+03
-2.123414476130307321e+03
-2.123566356661435293e+03
-2.123552133857561785e+03
-2.123571707588525896e+03
-2.123565499601210377e+03
-2.123569592409234247e+03
-2.123542254059108473e+03
-2.123573789688623947e+03
-2.123426856092756680e+03
-2.123571801295172463e+03
-2.123568194172184121e+03
-2.123567646903495643e+03
-2.123571450128740707e+03
-2.123573815884636133e+03
-2.123564192956790976e+03
-2.123574016608598868e+03
-2.123570795447945784e+03
-2.123574009633202877e+03
-2.123565657459298109e+03
-2.123574409100615867e+03
-2.123572997025131372e+03
-2.123566264624248106e+03
-2.123448821169877192e+03
-2.123573566451354509e+03
-2.123568465552901216e+03
-2.123574193759784976e+03
-2.123575613984570282e+03
-2.123570843319213964e+03
-2.123561164809288130e+03
-2.123575872178687405e+03
-2.123479236546338143e+03
-2.123575526311041813e+03
-2.123568155218109041e+03
-2.123575955163703838e+03
-2.123571590932435356e+03
-2.123580417569404744e+03
-2.123574454428915033e+03
-2.123579891108109678e+03
-2.123575231621950479e+03
-2.123580406013444644e+03
-2.123590849482238809e+03
-2.123590875300651533e+03
-2.123581268572816498e+03
-2.123590870551860007e+03
-2.123582976633740145e+03
-2.123590860044519559e+03
-2.123552058920548461e+03
-2.123590865060091346e+03
-2.123277179617869024e+03
-2.123405779861753217e+03
-2.123475678278408850e+03
-2.123576453088338440e+03
-2.123201586119406784e+03
-2.123590853401974073e+03
-2.123340422704054163e+03
-2.123590841217544948e+03
-2.123548382568501893e+03
-2.123590860965512093e+03
-2.123575627059296494e+03
-2.123590860340814743e+03
-2.123479164011942885e+03
-2.123588943818550888e+03
-2.123581178736505535e+03
-2.123590875486461755e+03
-2.123555957895699521e+03
-2.123590852119794818e+03
-2.123579900190903572e+03
-2.123590852646132589e+03
-2.123575257432254148e+03
-2.123587742734508538e+03
-2.123580934418805555e+03
-2.123591360680169601e+03
-2.123586082718779380e+03
-2.123591393358159621e+03
-2.123588729113671889e+03
-2.123591381672262287e+03
-2.123590247276533773e+03
-2.123591666372859891e+03
-2.123588584394234204e+03
-2.123591947354364038e+03
-2.123589861765513433e+03
-2.123590646812171144e+03
-2.123579593110037877e+03
-2.123591430440005297e+03
-2.123574249348341709e+03
-2.123591947151707700e+03
-2.123457364589570716e+03
-2.123591946787849338e+03
-2.123578352031403483e+03
-2.123592445089285320e+03
-2.123575480114650418e+03
-2.123592410738368926e+03
-2.123590129322041321e+03
-2.123592437649985641e+03
-2.123590785939393754e+03
-2.123592442990518975e+03
-2.123589589072933450e+03
-2.123592447737160455e+03
-2.123586421859780785e+03
-2.123593247632451494e+03
-2.123591782304112712e+03
-2.123593296067554547e+03
-2.123593506073702429e+03
-2.123593496931342543e+03
-2.123587607078616202e+03
-2.123593486045007012e+03
-2.123559886577868383e+03
-2.123593138406053640e+03
-2.123570660177737864e+03
-2.123591292821122352e+03
-2.123530236758503634e+03
-2.123594167041963829e+03
-2.123333439032427123e+03
-2.123593275879264183e+03
-2.123371011529688076e+03
-2.123594186959559465e+03
-2.123367546899799891e+03
-2.123591940138021528e+03
-2.123560809376712768e+03
-2.123609093671179380e+03
-2.123520066838436833e+03
-2.123605865404821998e+03
-2.123586484410262983e+03
-2.123606818071503767e+03
-2.123604991459133544e+03
-2.123609342125140302e+03
-2.123595387542819481e+03
-2.123607042283582814e+03
-2.123576399670940646e+03
-2.123609175373165272e+03
-2.123610235439819007e+03
-2.123610222343508667e+03
-2.123609670749966881e+03
-2.123610263024830601e+03
-2.123608621796768148e+03
-2.123610286577915758e+03
-2.123608542705203035e+03
-2.123610724800877051e+03
-2.123606109341776119e+03
-2.123610680373385549e+03
-2.123597907781708273e+03
-2.123611042165085109e+03
-2.123605035470363418e+03
-2.123611049292888310e+03
-2.123596878961750008e+03
-2.123611005661674881e+03
-2.123328471349929259e+03
-2.123611382712126215e+03
-2.123445068276173060e+03
-2.123611406731581610e+03
-2.123353061752997291e+03
-2.123611427618512153e+03
-2.123430554385419327e+03
-2.123611392627381974e+03
-2.123482868478068667e+03
-2.123606260615466908e+03
-2.123582255743127917e+03
-2.123613934468115986e+03
-2.123603386747035529e+03
-2.123614141487987581e+03
-2.123605345181855228e+03
-2.123612957025070045e+03
-2.123607467582329718e+03
-2.123614131170902056e+03
-2.123595124099246732e+03
-2.123613944697478473e+03
-2.123561306173140110e+03
-2.123614222853430874e+03
-2.123603136634438215e+03
-2.123614228628537148e+03
-2.123603060338484283e+03
-2.123614085777051059e+03
-2.123614088062249721e+03
-2.123613210932252514e+03
-2.123608647667887908e+03
-2.123614188542322609e+03
-2.123612205295379681e+03
-2.123613065028032452e+03
-2.123607774008361048e+03
-2.123613702565585299e+03
-2.123612278835226334e+03
-2.123614187882658825e+03
-2.123604226450104761e+03
-2.123613399128244964e+03
-2.123600628903937377e+03
-2.123610013438059013e+03
-2.123590991180231867e+03
-2.123613501007357172e+03
-2.123603125408812957e+03
-2.123613441942173267e+03
-2.123598277831935775e+03
-2.123614760080967244e+03
-2.123615630912222059e+03
-2.123614509777191415e+03
-2.123616086577666465e+03
-2.123616037186210633e+03
-2.123611455032663798e+03
-2.123616057199565148e+03
-2.123589767698638298e+03
-2.123616390112993031e+03
-2.123552350451010625e+03
-2.123616173708479437e+03
-2.123615665417498349e+03
-2.123616390850176685e+03
-2.123611235330501131e+03
-2.123615660892516644e+03
-2.123611727470699861e+03
-2.123617526125600307e+03
-2.123614348597994194e+03
-2.123617557752911580e+03
-2.123618303163371820e+03
-2.123618306581142406e+03
-2.123614503002399488e+03
-2.123615445973157421e+03
-2.123454226513737467e+03
-2.123616920571752416e+03
-2.123511668076022033e+03
-2.123630165984890937e+03
-2.123475942632990154e+03
-2.123631003584704558e+03
-2.123541198174635610e+03
-2.123629838748773636e+03
-2.123613511673444009e+03
-2.123631077523173190e+03
-2.123576220739026667e+03
-2.123632002831122009e+03
-2.123618767840274813e+03
-2.123631649338152329e+03
-2.123618862719574736e+03
-2.123632060966432618e+03
-2.123630213260539676e+03
-2.123631966660739181e+03
-2.123621682863760270e+03
-2.123630360818935060e+03
-2.123629315003893680e+03
-2.123631495368130345e+03
-2.123622852892646279e+03
-2.123631129038197287e+03
-2.123599458636643703e+03
-2.123632178450978245e+03
-2.123631344768011331e+03
-2.123632218334920253e+03
-2.123578217125480933e+03
-2.123632137378490825e+03
-2.123624541609380231e+03
-2.123632240158541663e+03
-2.123628149321929413e+03
-2.123631888465817610e+03
-2.123627109386757184e+03
-2.123632390658120585e+03
-2.123627506755684408e+03
-2.123631640460018843e+03
-2.123627765950146113e+03
-2.123632598634423630e+03
-2.123630183994416257e+03
-2.123630593446348939e+03
-2.123626756789346928e+03
-2.123632733750630450e+03
-2.123626242138705948e+03
-2.123632553306519640e+03
-2.123628450265046467e+03
-2.123627812255528625e+03
-2.123238674315563458e+03
-2.123556446052702995e+03
-2.123438601114416088e+03
-2.123554294773371112e+03
-2.123538439596667558e+03
-2.123620036869551313e+03
-2.123268072337554258e+03
-2.123635023006459960e+03
-2.123467596211917225e+03
-2.123635969493397624e+03
-2.123601796528529576e+03
-2.123640165657458965e+03
-2.123605827116628461e+03
-2.123634535014225548e+03
-2.123639806927394147e+03
-2.123637577903874444e+03
-2.123615195334607506e+03
-2.123637811176236028e+03
-2.123629092217086054e+03
-2.123639536239316385e+03
-2.123554611541059785e+03
-2.123640338729961059e+03
-2.123615143074451680e+03
-2.123640769220872244e+03
-2.123637128909293551e+03
-2.123640801426142389e+03
-2.123635330953800803e+03
-2.123640780252455897e+03
-2.123625345481013937e+03
-2.123640865535953708e+03
-2.123633437039988166e+03
-2.123640841575117520e+03
-2.123621483927872760e+03
-2.123640808990888672e+03
-2.123633541783639885e+03
-2.123640795390358107e+03
-2.123635123002935416e+03
-2.123640839272645735e+03
-2.123639363342173965e+03
-2.123640860282323956e+03
-2.123639683940109080e+03
-2.123640841289028685e+03
-2.123640077098981692e+03
-2.123640874981283105e+03
-2.123640520387197284e+03
-2.123640820873857592e+03
-2.123640504435082221e+03
-2.123640841197382542e+03
-2.123639451607569754e+03
-2.123639127305065813e+03
-2.123634981812074784e+03
-2.123642877234683965e+03
-2.123633515905563399e+03
-2.123642859367665096e+03
-2.123640759992330004e+03
-2.123642538857320687e+03
-2.123640812707359146e+03
-2.123642872195853215e+03
-2.123643358149856340e+03
-2.123643356003093231e+03
-2.123641130064594108e+03
-2.123643335201608352e+03
-2.123621763103742069e+03
-2.123641404078566211e+03
-2.123617485685729207e+03
-2.123641333579173988e+03
-2.123307018766668079e+03
-2.123543084187040222e+03
-2.123483071519476653e+03
-2.123669911145816968e+03
-2.123506381641842836e+03
-2.123666118966806607e+03
-2.123631272245752825e+03
-2.123669314984946141e+03
-2.123654772853280974e+03
-2.123668807205391204e+03
-2.123656407863285494e+03
-2.123669900437094839e+03
-2.123666982835765339e+03
-2.123669921185077783e+03
-2.123669790899104100e+03
-2.123669850897217657e+03
-2.123663180373315299e+03
-2.123663846369832299e+03
-2.123651332362973790e+03
-2.123659806090822258e+03
-2.123663132899564516e+03
